0 1 2 6 0.000000 3.000000 368.125000
0 4 2 4 0.000000 3.000000 2816.125000
1 5 2 5 0.000000 3.000000 1155.625000
2 0 0 0 0.000000 0.000000 1.000000
2 3 1 4 0.000000 3.000000 4.343750
4 3 0 0 0.000000 0.000000 1.000000
4 6 2 4 0.000000 3.000000 2816.125000
4 16 2 4 0.000000 3.000000 2816.125000
5 20 2 2 0.000000 3.000000 45003.625000
6 9 2 2 0.000000 3.000000 45003.625000
6 17 2 6 0.000000 3.000000 368.125000
7 3 0 0 0.000000 0.000000 1.000000
7 4 0 0 0.000000 0.000000 1.000000
7 8 3 4 0.000000 3.000000 3.000000
8 76 3 2 0.000000 3.000000 3.000000
9 5 2 4 0.000000 3.000000 2816.125000
9 18 2 5 0.000000 3.000000 1155.625000
10 6 0 0 0.000000 0.000000 1.000000
10 8 0 0 0.000000 0.000000 0.000000
10 11 3 2 0.000000 3.000000 3.000000
11 79 3 4 0.000000 3.000000 3.000000
12 9 0 0 0.000000 0.000000 1.000000
12 11 0 0 0.000000 0.000000 1.000000
12 13 1 4 0.000000 3.000000 4.343750
14 9 0 0 0.000000 0.000000 1.000000
14 11 0 0 0.000000 0.000000 0.000000
14 12 0 0 0.000000 0.000000 1.000000
14 15 3 4 0.000000 3.000000 3.000000
15 13 0 0 0.000000 0.000000 1.000000
15 85 3 2 0.000000 3.000000 3.000000
16 17 2 6 0.000000 3.000000 368.125000
16 40 2 3 0.000000 3.000000 8036.406250
17 19 2 5 0.000000 3.000000 1155.625000
17 41 2 4 0.000000 3.000000 2816.125000
18 19 2 3 0.000000 3.000000 8036.406250
18 20 2 10 0.000000 3.000000 75.625000
19 23 2 4 0.000000 3.000000 2816.125000
19 48 2 6 0.000000 3.000000 368.125000
19 54 2 8 0.000000 3.000000 179.406250
20 23 2 5 0.000000 3.000000 1155.625000
20 26 2 3 0.000000 3.000000 8036.406250
21 5 0 0 0.000000 0.000000 1.000000
21 13 0 0 0.000000 0.000000 1.000000
21 15 0 0 0.000000 0.000000 0.000000
21 22 3 2 0.000000 3.000000 3.000000
22 87 3 5 0.000000 3.000000 3.000000
23 27 2 3 0.000000 3.000000 8036.406250
23 54 2 2 0.000000 3.000000 45003.625000
24 20 0 0 0.000000 0.000000 1.000000
24 22 0 0 0.000000 0.000000 0.000000
24 25 3 5 0.000000 3.000000 3.000000
25 114 3 2 0.000000 3.000000 3.000000
26 27 2 2 0.000000 3.000000 45003.625000
27 58 2 4 0.000000 3.000000 2816.125000
28 16 0 0 0.000000 0.000000 1.000000
28 29 3 6 0.000000 3.000000 3.000000
29 101 3 4 0.000000 3.000000 3.000000
30 16 0 0 0.000000 0.000000 1.000000
30 28 0 0 0.000000 0.000000 1.000000
30 31 4 6 0.000000 3.000000 5.000000
31 29 0 0 0.000000 0.000000 1.000000
31 96 4 5 0.000000 3.000000 5.000000
32 17 0 0 0.000000 0.000000 1.000000
32 29 0 0 0.000000 0.000000 1.000000
32 31 0 0 0.000000 0.000000 1.000000
32 33 1 5 0.000000 3.000000 4.343750
33 97 1 4 0.000000 3.000000 4.343750
33 108 1 6 0.000000 3.000000 4.343750
34 17 0 0 0.000000 0.000000 1.000000
34 29 0 0 0.000000 0.000000 1.000000
34 31 0 0 0.000000 0.000000 0.000000
34 32 0 0 0.000000 0.000000 1.000000
34 35 4 5 0.000000 3.000000 5.000000
35 33 0 0 0.000000 0.000000 1.000000
35 98 4 4 0.000000 3.000000 5.000000
36 19 0 0 0.000000 0.000000 1.000000
36 33 0 0 0.000000 0.000000 0.000000
36 35 0 0 0.000000 0.000000 1.000000
36 37 1 4 0.000000 3.000000 4.343750
36 52 1 6 0.000000 3.000000 4.343750
37 25 0 0 0.000000 0.000000 1.000000
38 19 0 0 0.000000 0.000000 1.000000
38 33 0 0 0.000000 0.000000 1.000000
38 35 0 0 0.000000 0.000000 0.000000
38 36 0 0 0.000000 0.000000 1.000000
38 39 4 4 0.000000 3.000000 5.000000
39 25 0 0 0.000000 0.000000 1.000000
39 37 0 0 0.000000 0.000000 1.000000
40 47 2 4 0.000000 3.000000 2816.125000
41 44 2 4 0.000000 3.000000 2816.125000
41 48 2 5 0.000000 3.000000 1155.625000
42 17 0 0 0.000000 0.000000 1.000000
42 29 0 0 0.000000 0.000000 0.000000
42 31 0 0 0.000000 0.000000 1.000000
42 32 0 0 0.000000 0.000000 1.000000
42 34 0 0 0.000000 0.000000 1.000000
42 43 3 4 0.000000 3.000000 3.000000
43 103 3 4 0.000000 3.000000 3.000000
44 47 2 2 0.000000 3.000000 45003.625000
44 49 2 4 0.000000 3.000000 2816.125000
45 41 0 0 0.000000 0.000000 1.000000
45 43 0 0 0.000000 0.000000 0.000000
45 46 3 4 0.000000 3.000000 3.000000
46 107 3 4 0.000000 3.000000 3.000000
47 53 2 3 0.000000 3.000000 8036.406250
48 49 2 3 0.000000 3.000000 8036.406250
48 57 2 3 0.000000 3.000000 8036.406250
49 53 2 2 0.000000 3.000000 45003.625000
49 58 2 5 0.000000 3.000000 1155.625000
50 44 0 0 0.000000 0.000000 1.000000
50 46 0 0 0.000000 0.000000 0.000000
50 51 3 4 0.000000 3.000000 3.000000
52 111 1 3 0.000000 3.000000 4.343750
53 58 2 6 0.000000 3.000000 368.125000
54 57 2 2 0.000000 3.000000 45003.625000
55 48 0 0 0.000000 0.000000 1.000000
55 52 0 0 0.000000 0.000000 0.000000
55 56 1 3 0.000000 3.000000 4.343750
56 116 1 4 0.000000 3.000000 4.343750
57 56 0 0 0.000000 0.000000 1.000000
57 58 2 4 0.000000 3.000000 2816.125000
59 23 0 0 0.000000 0.000000 1.000000
59 25 0 0 0.000000 0.000000 0.000000
59 37 0 0 0.000000 0.000000 1.000000
59 39 0 0 0.000000 0.000000 1.000000
59 60 3 2 0.000000 3.000000 3.000000
60 115 3 2 0.000000 3.000000 3.000000
61 54 0 0 0.000000 0.000000 1.000000
61 60 0 0 0.000000 0.000000 0.000000
61 62 3 2 0.000000 3.000000 3.000000
62 56 0 0 0.000000 0.000000 1.000000
63 56 0 0 0.000000 0.000000 0.000000
63 57 0 0 0.000000 0.000000 1.000000
63 62 0 0 0.000000 0.000000 1.000000
63 64 1 4 0.000000 3.000000 4.343750
65 53 0 0 0.000000 0.000000 1.000000
65 64 1 6 0.000000 3.000000 4.343750
66 67 2 6 0.000000 3.000000 368.125000
66 70 2 4 0.000000 3.000000 2816.125000
67 71 2 5 0.000000 3.000000 1155.625000
68 66 0 0 0.000000 0.000000 1.000000
68 69 1 4 0.000000 3.000000 4.343750
70 3 0 0 0.000000 0.000000 1.000000
70 69 0 0 0.000000 0.000000 1.000000
70 72 2 4 0.000000 3.000000 2816.125000
70 80 2 4 0.000000 3.000000 2816.125000
71 13 0 0 0.000000 0.000000 1.000000
71 15 0 0 0.000000 0.000000 1.000000
71 84 2 2 0.000000 3.000000 45003.625000
72 8 0 0 0.000000 0.000000 1.000000
72 75 2 2 0.000000 3.000000 45003.625000
72 81 2 6 0.000000 3.000000 368.125000
73 3 0 0 0.000000 0.000000 1.000000
73 69 0 0 0.000000 0.000000 1.000000
73 70 0 0 0.000000 0.000000 1.000000
73 74 3 4 0.000000 3.000000 3.000000
74 128 3 2 0.000000 3.000000 3.000000
75 11 0 0 0.000000 0.000000 1.000000
75 71 2 4 0.000000 3.000000 2816.125000
75 82 2 5 0.000000 3.000000 1155.625000
76 131 3 4 0.000000 3.000000 3.000000
77 11 0 0 0.000000 0.000000 1.000000
77 75 0 0 0.000000 0.000000 1.000000
77 76 0 0 0.000000 0.000000 1.000000
77 78 1 4 0.000000 3.000000 4.343750
79 78 0 0 0.000000 0.000000 1.000000
79 137 3 2 0.000000 3.000000 3.000000
80 81 2 6 0.000000 3.000000 368.125000
80 99 2 3 0.000000 3.000000 8036.406250
81 29 0 0 0.000000 0.000000 1.000000
81 31 0 0 0.000000 0.000000 1.000000
81 83 2 5 0.000000 3.000000 1155.625000
81 100 2 4 0.000000 3.000000 2816.125000
82 83 2 3 0.000000 3.000000 8036.406250
82 84 2 10 0.000000 3.000000 75.625000
83 33 0 0 0.000000 0.000000 1.000000
83 35 0 0 0.000000 0.000000 1.000000
83 86 2 4 0.000000 3.000000 2816.125000
83 105 2 6 0.000000 3.000000 368.125000
83 110 2 8 0.000000 3.000000 179.406250
84 22 0 0 0.000000 0.000000 1.000000
84 86 2 5 0.000000 3.000000 1155.625000
84 88 2 3 0.000000 3.000000 8036.406250
85 139 3 5 0.000000 3.000000 3.000000
86 25 0 0 0.000000 0.000000 1.000000
86 37 0 0 0.000000 0.000000 1.000000
86 39 0 0 0.000000 0.000000 1.000000
86 89 2 3 0.000000 3.000000 8036.406250
86 110 2 2 0.000000 3.000000 45003.625000
87 166 3 2 0.000000 3.000000 3.000000
88 89 2 2 0.000000 3.000000 45003.625000
89 113 2 4 0.000000 3.000000 2816.125000
90 80 0 0 0.000000 0.000000 1.000000
90 91 3 6 0.000000 3.000000 3.000000
91 153 3 4 0.000000 3.000000 3.000000
92 80 0 0 0.000000 0.000000 1.000000
92 90 0 0 0.000000 0.000000 1.000000
92 93 4 6 0.000000 3.000000 5.000000
93 91 0 0 0.000000 0.000000 1.000000
93 148 4 5 0.000000 3.000000 5.000000
94 29 0 0 0.000000 0.000000 1.000000
94 31 0 0 0.000000 0.000000 1.000000
94 81 0 0 0.000000 0.000000 1.000000
94 91 0 0 0.000000 0.000000 1.000000
94 93 0 0 0.000000 0.000000 1.000000
94 95 1 5 0.000000 3.000000 4.343750
95 149 1 4 0.000000 3.000000 4.343750
95 160 1 6 0.000000 3.000000 4.343750
96 95 0 0 0.000000 0.000000 1.000000
96 150 4 4 0.000000 3.000000 5.000000
97 87 0 0 0.000000 0.000000 1.000000
98 87 0 0 0.000000 0.000000 1.000000
98 97 0 0 0.000000 0.000000 1.000000
99 104 2 4 0.000000 3.000000 2816.125000
100 43 0 0 0.000000 0.000000 1.000000
100 102 2 4 0.000000 3.000000 2816.125000
100 105 2 5 0.000000 3.000000 1155.625000
101 155 3 4 0.000000 3.000000 3.000000
102 46 0 0 0.000000 0.000000 1.000000
102 104 2 2 0.000000 3.000000 45003.625000
102 106 2 4 0.000000 3.000000 2816.125000
103 159 3 4 0.000000 3.000000 3.000000
104 109 2 3 0.000000 3.000000 8036.406250
105 52 0 0 0.000000 0.000000 1.000000
105 106 2 3 0.000000 3.000000 8036.406250
105 112 2 3 0.000000 3.000000 8036.406250
106 51 0 0 0.000000 0.000000 1.000000
106 109 2 2 0.000000 3.000000 45003.625000
106 113 2 5 0.000000 3.000000 1155.625000
108 163 1 3 0.000000 3.000000 4.343750
109 113 2 6 0.000000 3.000000 368.125000
110 60 0 0 0.000000 0.000000 1.000000
110 112 2 2 0.000000 3.000000 45003.625000
111 168 1 4 0.000000 3.000000 4.343750
112 56 0 0 0.000000 0.000000 1.000000
112 62 0 0 0.000000 0.000000 1.000000
112 111 0 0 0.000000 0.000000 1.000000
112 113 2 4 0.000000 3.000000 2816.125000
113 64 0 0 0.000000 0.000000 1.000000
114 167 3 2 0.000000 3.000000 3.000000
115 111 0 0 0.000000 0.000000 1.000000
117 109 0 0 0.000000 0.000000 1.000000
117 116 1 6 0.000000 3.000000 4.343750
118 119 2 6 0.000000 3.000000 368.125000
118 122 2 4 0.000000 3.000000 2816.125000
119 123 2 5 0.000000 3.000000 1155.625000
120 118 0 0 0.000000 0.000000 1.000000
120 121 1 4 0.000000 3.000000 4.343750
122 69 0 0 0.000000 0.000000 1.000000
122 121 0 0 0.000000 0.000000 1.000000
122 124 2 4 0.000000 3.000000 2816.125000
122 132 2 4 0.000000 3.000000 2816.125000
123 78 0 0 0.000000 0.000000 1.000000
123 79 0 0 0.000000 0.000000 1.000000
123 136 2 2 0.000000 3.000000 45003.625000
124 74 0 0 0.000000 0.000000 1.000000
124 127 2 2 0.000000 3.000000 45003.625000
124 133 2 6 0.000000 3.000000 368.125000
125 69 0 0 0.000000 0.000000 1.000000
125 121 0 0 0.000000 0.000000 1.000000
125 122 0 0 0.000000 0.000000 1.000000
125 126 3 4 0.000000 3.000000 3.000000
126 180 3 2 0.000000 3.000000 3.000000
127 76 0 0 0.000000 0.000000 1.000000
127 123 2 4 0.000000 3.000000 2816.125000
127 134 2 5 0.000000 3.000000 1155.625000
128 183 3 4 0.000000 3.000000 3.000000
129 76 0 0 0.000000 0.000000 1.000000
129 127 0 0 0.000000 0.000000 1.000000
129 128 0 0 0.000000 0.000000 1.000000
129 130 1 4 0.000000 3.000000 4.343750
131 130 0 0 0.000000 0.000000 1.000000
131 189 3 2 0.000000 3.000000 3.000000
132 133 2 6 0.000000 3.000000 368.125000
132 151 2 3 0.000000 3.000000 8036.406250
133 91 0 0 0.000000 0.000000 1.000000
133 93 0 0 0.000000 0.000000 1.000000
133 135 2 5 0.000000 3.000000 1155.625000
133 152 2 4 0.000000 3.000000 2816.125000
134 135 2 3 0.000000 3.000000 8036.406250
134 136 2 10 0.000000 3.000000 75.625000
135 95 0 0 0.000000 0.000000 1.000000
135 96 0 0 0.000000 0.000000 1.000000
135 138 2 4 0.000000 3.000000 2816.125000
135 157 2 6 0.000000 3.000000 368.125000
135 162 2 8 0.000000 3.000000 179.406250
136 85 0 0 0.000000 0.000000 1.000000
136 138 2 5 0.000000 3.000000 1155.625000
136 140 2 3 0.000000 3.000000 8036.406250
137 191 3 5 0.000000 3.000000 3.000000
138 87 0 0 0.000000 0.000000 1.000000
138 97 0 0 0.000000 0.000000 1.000000
138 98 0 0 0.000000 0.000000 1.000000
138 141 2 3 0.000000 3.000000 8036.406250
138 162 2 2 0.000000 3.000000 45003.625000
139 218 3 2 0.000000 3.000000 3.000000
140 141 2 2 0.000000 3.000000 45003.625000
141 165 2 4 0.000000 3.000000 2816.125000
142 132 0 0 0.000000 0.000000 1.000000
142 143 3 6 0.000000 3.000000 3.000000
143 205 3 4 0.000000 3.000000 3.000000
144 132 0 0 0.000000 0.000000 1.000000
144 142 0 0 0.000000 0.000000 1.000000
144 145 4 6 0.000000 3.000000 5.000000
145 143 0 0 0.000000 0.000000 1.000000
145 200 4 5 0.000000 3.000000 5.000000
146 91 0 0 0.000000 0.000000 1.000000
146 93 0 0 0.000000 0.000000 1.000000
146 133 0 0 0.000000 0.000000 1.000000
146 143 0 0 0.000000 0.000000 1.000000
146 145 0 0 0.000000 0.000000 1.000000
146 147 1 5 0.000000 3.000000 4.343750
147 201 1 4 0.000000 3.000000 4.343750
147 212 1 6 0.000000 3.000000 4.343750
148 147 0 0 0.000000 0.000000 1.000000
148 202 4 4 0.000000 3.000000 5.000000
149 139 0 0 0.000000 0.000000 1.000000
150 139 0 0 0.000000 0.000000 1.000000
150 149 0 0 0.000000 0.000000 1.000000
151 156 2 4 0.000000 3.000000 2816.125000
152 101 0 0 0.000000 0.000000 1.000000
152 154 2 4 0.000000 3.000000 2816.125000
152 157 2 5 0.000000 3.000000 1155.625000
153 207 3 4 0.000000 3.000000 3.000000
154 103 0 0 0.000000 0.000000 1.000000
154 156 2 2 0.000000 3.000000 45003.625000
154 158 2 4 0.000000 3.000000 2816.125000
155 211 3 4 0.000000 3.000000 3.000000
156 161 2 3 0.000000 3.000000 8036.406250
157 108 0 0 0.000000 0.000000 1.000000
157 158 2 3 0.000000 3.000000 8036.406250
157 164 2 3 0.000000 3.000000 8036.406250
158 107 0 0 0.000000 0.000000 1.000000
158 161 2 2 0.000000 3.000000 45003.625000
158 165 2 5 0.000000 3.000000 1155.625000
160 215 1 3 0.000000 3.000000 4.343750
161 165 2 6 0.000000 3.000000 368.125000
162 114 0 0 0.000000 0.000000 1.000000
162 164 2 2 0.000000 3.000000 45003.625000
163 220 1 4 0.000000 3.000000 4.343750
164 111 0 0 0.000000 0.000000 1.000000
164 115 0 0 0.000000 0.000000 1.000000
164 163 0 0 0.000000 0.000000 1.000000
164 165 2 4 0.000000 3.000000 2816.125000
165 116 0 0 0.000000 0.000000 1.000000
166 219 3 2 0.000000 3.000000 3.000000
167 163 0 0 0.000000 0.000000 1.000000
169 161 0 0 0.000000 0.000000 1.000000
169 168 1 6 0.000000 3.000000 4.343750
170 171 2 6 0.000000 3.000000 368.125000
170 174 2 4 0.000000 3.000000 2816.125000
171 175 2 5 0.000000 3.000000 1155.625000
172 170 0 0 0.000000 0.000000 1.000000
172 173 1 4 0.000000 3.000000 4.343750
174 121 0 0 0.000000 0.000000 1.000000
174 173 0 0 0.000000 0.000000 1.000000
174 176 2 4 0.000000 3.000000 2816.125000
174 184 2 4 0.000000 3.000000 2816.125000
175 130 0 0 0.000000 0.000000 1.000000
175 131 0 0 0.000000 0.000000 1.000000
175 188 2 2 0.000000 3.000000 45003.625000
176 126 0 0 0.000000 0.000000 1.000000
176 179 2 2 0.000000 3.000000 45003.625000
176 185 2 6 0.000000 3.000000 368.125000
177 121 0 0 0.000000 0.000000 1.000000
177 173 0 0 0.000000 0.000000 1.000000
177 174 0 0 0.000000 0.000000 1.000000
177 178 3 4 0.000000 3.000000 3.000000
178 232 3 2 0.000000 3.000000 3.000000
179 128 0 0 0.000000 0.000000 1.000000
179 175 2 4 0.000000 3.000000 2816.125000
179 186 2 5 0.000000 3.000000 1155.625000
180 235 3 4 0.000000 3.000000 3.000000
181 128 0 0 0.000000 0.000000 1.000000
181 179 0 0 0.000000 0.000000 1.000000
181 180 0 0 0.000000 0.000000 1.000000
181 182 1 4 0.000000 3.000000 4.343750
183 182 0 0 0.000000 0.000000 1.000000
183 241 3 2 0.000000 3.000000 3.000000
184 185 2 6 0.000000 3.000000 368.125000
184 203 2 3 0.000000 3.000000 8036.406250
185 143 0 0 0.000000 0.000000 1.000000
185 145 0 0 0.000000 0.000000 1.000000
185 187 2 5 0.000000 3.000000 1155.625000
185 204 2 4 0.000000 3.000000 2816.125000
186 187 2 3 0.000000 3.000000 8036.406250
186 188 2 10 0.000000 3.000000 75.625000
187 147 0 0 0.000000 0.000000 1.000000
187 148 0 0 0.000000 0.000000 1.000000
187 190 2 4 0.000000 3.000000 2816.125000
187 209 2 6 0.000000 3.000000 368.125000
187 214 2 8 0.000000 3.000000 179.406250
188 137 0 0 0.000000 0.000000 1.000000
188 190 2 5 0.000000 3.000000 1155.625000
188 192 2 3 0.000000 3.000000 8036.406250
189 243 3 5 0.000000 3.000000 3.000000
190 139 0 0 0.000000 0.000000 1.000000
190 149 0 0 0.000000 0.000000 1.000000
190 150 0 0 0.000000 0.000000 1.000000
190 193 2 3 0.000000 3.000000 8036.406250
190 214 2 2 0.000000 3.000000 45003.625000
191 270 3 2 0.000000 3.000000 3.000000
192 193 2 2 0.000000 3.000000 45003.625000
193 217 2 4 0.000000 3.000000 2816.125000
194 184 0 0 0.000000 0.000000 1.000000
194 195 3 6 0.000000 3.000000 3.000000
195 257 3 4 0.000000 3.000000 3.000000
196 184 0 0 0.000000 0.000000 1.000000
196 194 0 0 0.000000 0.000000 1.000000
196 197 4 6 0.000000 3.000000 5.000000
197 195 0 0 0.000000 0.000000 1.000000
197 252 4 5 0.000000 3.000000 5.000000
198 143 0 0 0.000000 0.000000 1.000000
198 145 0 0 0.000000 0.000000 1.000000
198 185 0 0 0.000000 0.000000 1.000000
198 195 0 0 0.000000 0.000000 1.000000
198 197 0 0 0.000000 0.000000 1.000000
198 199 1 5 0.000000 3.000000 4.343750
199 253 1 4 0.000000 3.000000 4.343750
199 264 1 6 0.000000 3.000000 4.343750
200 199 0 0 0.000000 0.000000 1.000000
200 254 4 4 0.000000 3.000000 5.000000
201 191 0 0 0.000000 0.000000 1.000000
202 191 0 0 0.000000 0.000000 1.000000
202 201 0 0 0.000000 0.000000 1.000000
203 208 2 4 0.000000 3.000000 2816.125000
204 153 0 0 0.000000 0.000000 1.000000
204 206 2 4 0.000000 3.000000 2816.125000
204 209 2 5 0.000000 3.000000 1155.625000
205 259 3 4 0.000000 3.000000 3.000000
206 155 0 0 0.000000 0.000000 1.000000
206 208 2 2 0.000000 3.000000 45003.625000
206 210 2 4 0.000000 3.000000 2816.125000
207 263 3 4 0.000000 3.000000 3.000000
208 213 2 3 0.000000 3.000000 8036.406250
209 160 0 0 0.000000 0.000000 1.000000
209 210 2 3 0.000000 3.000000 8036.406250
209 216 2 3 0.000000 3.000000 8036.406250
210 159 0 0 0.000000 0.000000 1.000000
210 213 2 2 0.000000 3.000000 45003.625000
210 217 2 5 0.000000 3.000000 1155.625000
212 267 1 3 0.000000 3.000000 4.343750
213 217 2 6 0.000000 3.000000 368.125000
214 166 0 0 0.000000 0.000000 1.000000
214 216 2 2 0.000000 3.000000 45003.625000
215 272 1 4 0.000000 3.000000 4.343750
216 163 0 0 0.000000 0.000000 1.000000
216 167 0 0 0.000000 0.000000 1.000000
216 215 0 0 0.000000 0.000000 1.000000
216 217 2 4 0.000000 3.000000 2816.125000
217 168 0 0 0.000000 0.000000 1.000000
218 271 3 2 0.000000 3.000000 3.000000
219 215 0 0 0.000000 0.000000 1.000000
221 213 0 0 0.000000 0.000000 1.000000
221 220 1 6 0.000000 3.000000 4.343750
222 223 2 6 0.000000 3.000000 368.125000
222 226 2 4 0.000000 3.000000 2816.125000
223 227 2 5 0.000000 3.000000 1155.625000
224 222 0 0 0.000000 0.000000 1.000000
224 225 1 4 0.000000 3.000000 4.343750
226 173 0 0 0.000000 0.000000 1.000000
226 225 0 0 0.000000 0.000000 1.000000
226 228 2 4 0.000000 3.000000 2816.125000
226 236 2 4 0.000000 3.000000 2816.125000
227 182 0 0 0.000000 0.000000 1.000000
227 183 0 0 0.000000 0.000000 1.000000
227 240 2 2 0.000000 3.000000 45003.625000
228 178 0 0 0.000000 0.000000 1.000000
228 231 2 2 0.000000 3.000000 45003.625000
228 237 2 6 0.000000 3.000000 368.125000
229 173 0 0 0.000000 0.000000 1.000000
229 225 0 0 0.000000 0.000000 1.000000
229 226 0 0 0.000000 0.000000 1.000000
229 230 3 4 0.000000 3.000000 3.000000
230 284 3 2 0.000000 3.000000 3.000000
231 180 0 0 0.000000 0.000000 1.000000
231 227 2 4 0.000000 3.000000 2816.125000
231 238 2 5 0.000000 3.000000 1155.625000
232 287 3 4 0.000000 3.000000 3.000000
233 180 0 0 0.000000 0.000000 1.000000
233 231 0 0 0.000000 0.000000 1.000000
233 232 0 0 0.000000 0.000000 1.000000
233 234 1 4 0.000000 3.000000 4.343750
235 234 0 0 0.000000 0.000000 1.000000
235 293 3 2 0.000000 3.000000 3.000000
236 237 2 6 0.000000 3.000000 368.125000
236 255 2 3 0.000000 3.000000 8036.406250
237 195 0 0 0.000000 0.000000 1.000000
237 197 0 0 0.000000 0.000000 1.000000
237 239 2 5 0.000000 3.000000 1155.625000
237 256 2 4 0.000000 3.000000 2816.125000
238 239 2 3 0.000000 3.000000 8036.406250
238 240 2 10 0.000000 3.000000 75.625000
239 199 0 0 0.000000 0.000000 1.000000
239 200 0 0 0.000000 0.000000 1.000000
239 242 2 4 0.000000 3.000000 2816.125000
239 261 2 6 0.000000 3.000000 368.125000
239 266 2 8 0.000000 3.000000 179.406250
240 189 0 0 0.000000 0.000000 1.000000
240 242 2 5 0.000000 3.000000 1155.625000
240 244 2 3 0.000000 3.000000 8036.406250
241 295 3 5 0.000000 3.000000 3.000000
242 191 0 0 0.000000 0.000000 1.000000
242 201 0 0 0.000000 0.000000 1.000000
242 202 0 0 0.000000 0.000000 1.000000
242 245 2 3 0.000000 3.000000 8036.406250
242 266 2 2 0.000000 3.000000 45003.625000
243 322 3 2 0.000000 3.000000 3.000000
244 245 2 2 0.000000 3.000000 45003.625000
245 269 2 4 0.000000 3.000000 2816.125000
246 236 0 0 0.000000 0.000000 1.000000
246 247 3 6 0.000000 3.000000 3.000000
247 309 3 4 0.000000 3.000000 3.000000
248 236 0 0 0.000000 0.000000 1.000000
248 246 0 0 0.000000 0.000000 1.000000
248 249 4 6 0.000000 3.000000 5.000000
249 247 0 0 0.000000 0.000000 1.000000
249 304 4 5 0.000000 3.000000 5.000000
250 195 0 0 0.000000 0.000000 1.000000
250 197 0 0 0.000000 0.000000 1.000000
250 237 0 0 0.000000 0.000000 1.000000
250 247 0 0 0.000000 0.000000 1.000000
250 249 0 0 0.000000 0.000000 1.000000
250 251 1 5 0.000000 3.000000 4.343750
251 305 1 4 0.000000 3.000000 4.343750
251 316 1 6 0.000000 3.000000 4.343750
252 251 0 0 0.000000 0.000000 1.000000
252 306 4 4 0.000000 3.000000 5.000000
253 243 0 0 0.000000 0.000000 1.000000
254 243 0 0 0.000000 0.000000 1.000000
254 253 0 0 0.000000 0.000000 1.000000
255 260 2 4 0.000000 3.000000 2816.125000
256 205 0 0 0.000000 0.000000 1.000000
256 258 2 4 0.000000 3.000000 2816.125000
256 261 2 5 0.000000 3.000000 1155.625000
257 311 3 4 0.000000 3.000000 3.000000
258 207 0 0 0.000000 0.000000 1.000000
258 260 2 2 0.000000 3.000000 45003.625000
258 262 2 4 0.000000 3.000000 2816.125000
259 315 3 4 0.000000 3.000000 3.000000
260 265 2 3 0.000000 3.000000 8036.406250
261 212 0 0 0.000000 0.000000 1.000000
261 262 2 3 0.000000 3.000000 8036.406250
261 268 2 3 0.000000 3.000000 8036.406250
262 211 0 0 0.000000 0.000000 1.000000
262 265 2 2 0.000000 3.000000 45003.625000
262 269 2 5 0.000000 3.000000 1155.625000
264 319 1 3 0.000000 3.000000 4.343750
265 269 2 6 0.000000 3.000000 368.125000
266 218 0 0 0.000000 0.000000 1.000000
266 268 2 2 0.000000 3.000000 45003.625000
267 324 1 4 0.000000 3.000000 4.343750
268 215 0 0 0.000000 0.000000 1.000000
268 219 0 0 0.000000 0.000000 1.000000
268 267 0 0 0.000000 0.000000 1.000000
268 269 2 4 0.000000 3.000000 2816.125000
269 220 0 0 0.000000 0.000000 1.000000
270 323 3 2 0.000000 3.000000 3.000000
271 267 0 0 0.000000 0.000000 1.000000
273 265 0 0 0.000000 0.000000 1.000000
273 272 1 6 0.000000 3.000000 4.343750
274 275 2 6 0.000000 3.000000 368.125000
274 278 2 4 0.000000 3.000000 2816.125000
275 279 2 5 0.000000 3.000000 1155.625000
276 274 0 0 0.000000 0.000000 1.000000
276 277 1 4 0.000000 3.000000 4.343750
278 225 0 0 0.000000 0.000000 1.000000
278 277 0 0 0.000000 0.000000 1.000000
278 280 2 4 0.000000 3.000000 2816.125000
278 288 2 4 0.000000 3.000000 2816.125000
279 234 0 0 0.000000 0.000000 1.000000
279 235 0 0 0.000000 0.000000 1.000000
279 292 2 2 0.000000 3.000000 45003.625000
280 230 0 0 0.000000 0.000000 1.000000
280 283 2 2 0.000000 3.000000 45003.625000
280 289 2 6 0.000000 3.000000 368.125000
281 225 0 0 0.000000 0.000000 1.000000
281 277 0 0 0.000000 0.000000 1.000000
281 278 0 0 0.000000 0.000000 1.000000
281 282 3 4 0.000000 3.000000 3.000000
282 336 3 2 0.000000 3.000000 3.000000
283 232 0 0 0.000000 0.000000 1.000000
283 279 2 4 0.000000 3.000000 2816.125000
283 290 2 5 0.000000 3.000000 1155.625000
284 339 3 4 0.000000 3.000000 3.000000
285 232 0 0 0.000000 0.000000 1.000000
285 283 0 0 0.000000 0.000000 1.000000
285 284 0 0 0.000000 0.000000 1.000000
285 286 1 4 0.000000 3.000000 4.343750
287 286 0 0 0.000000 0.000000 1.000000
287 345 3 2 0.000000 3.000000 3.000000
288 289 2 6 0.000000 3.000000 368.125000
288 307 2 3 0.000000 3.000000 8036.406250
289 247 0 0 0.000000 0.000000 1.000000
289 249 0 0 0.000000 0.000000 1.000000
289 291 2 5 0.000000 3.000000 1155.625000
289 308 2 4 0.000000 3.000000 2816.125000
290 291 2 3 0.000000 3.000000 8036.406250
290 292 2 10 0.000000 3.000000 75.625000
291 251 0 0 0.000000 0.000000 1.000000
291 252 0 0 0.000000 0.000000 1.000000
291 294 2 4 0.000000 3.000000 2816.125000
291 313 2 6 0.000000 3.000000 368.125000
291 318 2 8 0.000000 3.000000 179.406250
292 241 0 0 0.000000 0.000000 1.000000
292 294 2 5 0.000000 3.000000 1155.625000
292 296 2 3 0.000000 3.000000 8036.406250
293 347 3 5 0.000000 3.000000 3.000000
294 243 0 0 0.000000 0.000000 1.000000
294 253 0 0 0.000000 0.000000 1.000000
294 254 0 0 0.000000 0.000000 1.000000
294 297 2 3 0.000000 3.000000 8036.406250
294 318 2 2 0.000000 3.000000 45003.625000
295 374 3 2 0.000000 3.000000 3.000000
296 297 2 2 0.000000 3.000000 45003.625000
297 321 2 4 0.000000 3.000000 2816.125000
298 288 0 0 0.000000 0.000000 1.000000
298 299 3 6 0.000000 3.000000 3.000000
299 361 3 4 0.000000 3.000000 3.000000
300 288 0 0 0.000000 0.000000 1.000000
300 298 0 0 0.000000 0.000000 1.000000
300 301 4 6 0.000000 3.000000 5.000000
301 299 0 0 0.000000 0.000000 1.000000
301 356 4 5 0.000000 3.000000 5.000000
302 247 0 0 0.000000 0.000000 1.000000
302 249 0 0 0.000000 0.000000 1.000000
302 289 0 0 0.000000 0.000000 1.000000
302 299 0 0 0.000000 0.000000 1.000000
302 301 0 0 0.000000 0.000000 1.000000
302 303 1 5 0.000000 3.000000 4.343750
303 357 1 4 0.000000 3.000000 4.343750
303 368 1 6 0.000000 3.000000 4.343750
304 303 0 0 0.000000 0.000000 1.000000
304 358 4 4 0.000000 3.000000 5.000000
305 295 0 0 0.000000 0.000000 1.000000
306 295 0 0 0.000000 0.000000 1.000000
306 305 0 0 0.000000 0.000000 1.000000
307 312 2 4 0.000000 3.000000 2816.125000
308 257 0 0 0.000000 0.000000 1.000000
308 310 2 4 0.000000 3.000000 2816.125000
308 313 2 5 0.000000 3.000000 1155.625000
309 363 3 4 0.000000 3.000000 3.000000
310 259 0 0 0.000000 0.000000 1.000000
310 312 2 2 0.000000 3.000000 45003.625000
310 314 2 4 0.000000 3.000000 2816.125000
311 367 3 4 0.000000 3.000000 3.000000
312 317 2 3 0.000000 3.000000 8036.406250
313 264 0 0 0.000000 0.000000 1.000000
313 314 2 3 0.000000 3.000000 8036.406250
313 320 2 3 0.000000 3.000000 8036.406250
314 263 0 0 0.000000 0.000000 1.000000
314 317 2 2 0.000000 3.000000 45003.625000
314 321 2 5 0.000000 3.000000 1155.625000
316 371 1 3 0.000000 3.000000 4.343750
317 321 2 6 0.000000 3.000000 368.125000
318 270 0 0 0.000000 0.000000 1.000000
318 320 2 2 0.000000 3.000000 45003.625000
319 376 1 4 0.000000 3.000000 4.343750
320 267 0 0 0.000000 0.000000 1.000000
320 271 0 0 0.000000 0.000000 1.000000
320 319 0 0 0.000000 0.000000 1.000000
320 321 2 4 0.000000 3.000000 2816.125000
321 272 0 0 0.000000 0.000000 1.000000
322 375 3 2 0.000000 3.000000 3.000000
323 319 0 0 0.000000 0.000000 1.000000
325 317 0 0 0.000000 0.000000 1.000000
325 324 1 6 0.000000 3.000000 4.343750
326 327 2 6 0.000000 3.000000 368.125000
326 330 2 4 0.000000 3.000000 2816.125000
327 331 2 5 0.000000 3.000000 1155.625000
328 326 0 0 0.000000 0.000000 1.000000
328 329 1 4 0.000000 3.000000 4.343750
330 277 0 0 0.000000 0.000000 1.000000
330 329 0 0 0.000000 0.000000 1.000000
330 332 2 4 0.000000 3.000000 2816.125000
330 340 2 4 0.000000 3.000000 2816.125000
331 286 0 0 0.000000 0.000000 1.000000
331 287 0 0 0.000000 0.000000 1.000000
331 344 2 2 0.000000 3.000000 45003.625000
332 282 0 0 0.000000 0.000000 1.000000
332 335 2 2 0.000000 3.000000 45003.625000
332 341 2 6 0.000000 3.000000 368.125000
333 277 0 0 0.000000 0.000000 1.000000
333 329 0 0 0.000000 0.000000 1.000000
333 330 0 0 0.000000 0.000000 1.000000
333 334 3 4 0.000000 3.000000 3.000000
334 388 3 2 0.000000 3.000000 3.000000
335 284 0 0 0.000000 0.000000 1.000000
335 331 2 4 0.000000 3.000000 2816.125000
335 342 2 5 0.000000 3.000000 1155.625000
336 391 3 4 0.000000 3.000000 3.000000
337 284 0 0 0.000000 0.000000 1.000000
337 335 0 0 0.000000 0.000000 1.000000
337 336 0 0 0.000000 0.000000 1.000000
337 338 1 4 0.000000 3.000000 4.343750
339 338 0 0 0.000000 0.000000 1.000000
339 397 3 2 0.000000 3.000000 3.000000
340 341 2 6 0.000000 3.000000 368.125000
340 359 2 3 0.000000 3.000000 8036.406250
341 299 0 0 0.000000 0.000000 1.000000
341 301 0 0 0.000000 0.000000 1.000000
341 343 2 5 0.000000 3.000000 1155.625000
341 360 2 4 0.000000 3.000000 2816.125000
342 343 2 3 0.000000 3.000000 8036.406250
342 344 2 10 0.000000 3.000000 75.625000
343 303 0 0 0.000000 0.000000 1.000000
343 304 0 0 0.000000 0.000000 1.000000
343 346 2 4 0.000000 3.000000 2816.125000
343 365 2 6 0.000000 3.000000 368.125000
343 370 2 8 0.000000 3.000000 179.406250
344 293 0 0 0.000000 0.000000 1.000000
344 346 2 5 0.000000 3.000000 1155.625000
344 348 2 3 0.000000 3.000000 8036.406250
345 399 3 5 0.000000 3.000000 3.000000
346 295 0 0 0.000000 0.000000 1.000000
346 305 0 0 0.000000 0.000000 1.000000
346 306 0 0 0.000000 0.000000 1.000000
346 349 2 3 0.000000 3.000000 8036.406250
346 370 2 2 0.000000 3.000000 45003.625000
347 426 3 2 0.000000 3.000000 3.000000
348 349 2 2 0.000000 3.000000 45003.625000
349 373 2 4 0.000000 3.000000 2816.125000
350 340 0 0 0.000000 0.000000 1.000000
350 351 3 6 0.000000 3.000000 3.000000
351 413 3 4 0.000000 3.000000 3.000000
352 340 0 0 0.000000 0.000000 1.000000
352 350 0 0 0.000000 0.000000 1.000000
352 353 4 6 0.000000 3.000000 5.000000
353 351 0 0 0.000000 0.000000 1.000000
353 408 4 5 0.000000 3.000000 5.000000
354 299 0 0 0.000000 0.000000 1.000000
354 301 0 0 0.000000 0.000000 1.000000
354 341 0 0 0.000000 0.000000 1.000000
354 351 0 0 0.000000 0.000000 1.000000
354 353 0 0 0.000000 0.000000 1.000000
354 355 1 5 0.000000 3.000000 4.343750
355 409 1 4 0.000000 3.000000 4.343750
355 420 1 6 0.000000 3.000000 4.343750
356 355 0 0 0.000000 0.000000 1.000000
356 410 4 4 0.000000 3.000000 5.000000
357 347 0 0 0.000000 0.000000 1.000000
358 347 0 0 0.000000 0.000000 1.000000
358 357 0 0 0.000000 0.000000 1.000000
359 364 2 4 0.000000 3.000000 2816.125000
360 309 0 0 0.000000 0.000000 1.000000
360 362 2 4 0.000000 3.000000 2816.125000
360 365 2 5 0.000000 3.000000 1155.625000
361 415 3 4 0.000000 3.000000 3.000000
362 311 0 0 0.000000 0.000000 1.000000
362 364 2 2 0.000000 3.000000 45003.625000
362 366 2 4 0.000000 3.000000 2816.125000
363 419 3 4 0.000000 3.000000 3.000000
364 369 2 3 0.000000 3.000000 8036.406250
365 316 0 0 0.000000 0.000000 1.000000
365 366 2 3 0.000000 3.000000 8036.406250
365 372 2 3 0.000000 3.000000 8036.406250
366 315 0 0 0.000000 0.000000 1.000000
366 369 2 2 0.000000 3.000000 45003.625000
366 373 2 5 0.000000 3.000000 1155.625000
368 423 1 3 0.000000 3.000000 4.343750
369 373 2 6 0.000000 3.000000 368.125000
370 322 0 0 0.000000 0.000000 1.000000
370 372 2 2 0.000000 3.000000 45003.625000
371 428 1 4 0.000000 3.000000 4.343750
372 319 0 0 0.000000 0.000000 1.000000
372 323 0 0 0.000000 0.000000 1.000000
372 371 0 0 0.000000 0.000000 1.000000
372 373 2 4 0.000000 3.000000 2816.125000
373 324 0 0 0.000000 0.000000 1.000000
374 427 3 2 0.000000 3.000000 3.000000
375 371 0 0 0.000000 0.000000 1.000000
377 369 0 0 0.000000 0.000000 1.000000
377 376 1 6 0.000000 3.000000 4.343750
378 379 2 6 0.000000 3.000000 368.125000
378 382 2 4 0.000000 3.000000 2816.125000
379 383 2 5 0.000000 3.000000 1155.625000
380 378 0 0 0.000000 0.000000 1.000000
380 381 1 4 0.000000 3.000000 4.343750
382 329 0 0 0.000000 0.000000 1.000000
382 381 0 0 0.000000 0.000000 1.000000
382 384 2 4 0.000000 3.000000 2816.125000
382 392 2 4 0.000000 3.000000 2816.125000
383 338 0 0 0.000000 0.000000 1.000000
383 339 0 0 0.000000 0.000000 1.000000
383 396 2 2 0.000000 3.000000 45003.625000
384 334 0 0 0.000000 0.000000 1.000000
384 387 2 2 0.000000 3.000000 45003.625000
384 393 2 6 0.000000 3.000000 368.125000
385 329 0 0 0.000000 0.000000 1.000000
385 381 0 0 0.000000 0.000000 1.000000
385 382 0 0 0.000000 0.000000 1.000000
385 386 3 4 0.000000 3.000000 3.000000
386 440 3 2 0.000000 3.000000 3.000000
387 336 0 0 0.000000 0.000000 1.000000
387 383 2 4 0.000000 3.000000 2816.125000
387 394 2 5 0.000000 3.000000 1155.625000
388 443 3 4 0.000000 3.000000 3.000000
389 336 0 0 0.000000 0.000000 1.000000
389 387 0 0 0.000000 0.000000 1.000000
389 388 0 0 0.000000 0.000000 1.000000
389 390 1 4 0.000000 3.000000 4.343750
391 390 0 0 0.000000 0.000000 1.000000
391 449 3 2 0.000000 3.000000 3.000000
392 393 2 6 0.000000 3.000000 368.125000
392 411 2 3 0.000000 3.000000 8036.406250
393 351 0 0 0.000000 0.000000 1.000000
393 353 0 0 0.000000 0.000000 1.000000
393 395 2 5 0.000000 3.000000 1155.625000
393 412 2 4 0.000000 3.000000 2816.125000
394 395 2 3 0.000000 3.000000 8036.406250
394 396 2 10 0.000000 3.000000 75.625000
395 355 0 0 0.000000 0.000000 1.000000
395 356 0 0 0.000000 0.000000 1.000000
395 398 2 4 0.000000 3.000000 2816.125000
395 417 2 6 0.000000 3.000000 368.125000
395 422 2 8 0.000000 3.000000 179.406250
396 345 0 0 0.000000 0.000000 1.000000
396 398 2 5 0.000000 3.000000 1155.625000
396 400 2 3 0.000000 3.000000 8036.406250
397 451 3 5 0.000000 3.000000 3.000000
398 347 0 0 0.000000 0.000000 1.000000
398 357 0 0 0.000000 0.000000 1.000000
398 358 0 0 0.000000 0.000000 1.000000
398 401 2 3 0.000000 3.000000 8036.406250
398 422 2 2 0.000000 3.000000 45003.625000
399 478 3 2 0.000000 3.000000 3.000000
400 401 2 2 0.000000 3.000000 45003.625000
401 425 2 4 0.000000 3.000000 2816.125000
402 392 0 0 0.000000 0.000000 1.000000
402 403 3 6 0.000000 3.000000 3.000000
403 465 3 4 0.000000 3.000000 3.000000
404 392 0 0 0.000000 0.000000 1.000000
404 402 0 0 0.000000 0.000000 1.000000
404 405 4 6 0.000000 3.000000 5.000000
405 403 0 0 0.000000 0.000000 1.000000
405 460 4 5 0.000000 3.000000 5.000000
406 351 0 0 0.000000 0.000000 1.000000
406 353 0 0 0.000000 0.000000 1.000000
406 393 0 0 0.000000 0.000000 1.000000
406 403 0 0 0.000000 0.000000 1.000000
406 405 0 0 0.000000 0.000000 1.000000
406 407 1 5 0.000000 3.000000 4.343750
407 461 1 4 0.000000 3.000000 4.343750
407 472 1 6 0.000000 3.000000 4.343750
408 407 0 0 0.000000 0.000000 1.000000
408 462 4 4 0.000000 3.000000 5.000000
409 399 0 0 0.000000 0.000000 1.000000
410 399 0 0 0.000000 0.000000 1.000000
410 409 0 0 0.000000 0.000000 1.000000
411 416 2 4 0.000000 3.000000 2816.125000
412 361 0 0 0.000000 0.000000 1.000000
412 414 2 4 0.000000 3.000000 2816.125000
412 417 2 5 0.000000 3.000000 1155.625000
413 467 3 4 0.000000 3.000000 3.000000
414 363 0 0 0.000000 0.000000 1.000000
414 416 2 2 0.000000 3.000000 45003.625000
414 418 2 4 0.000000 3.000000 2816.125000
415 471 3 4 0.000000 3.000000 3.000000
416 421 2 3 0.000000 3.000000 8036.406250
417 368 0 0 0.000000 0.000000 1.000000
417 418 2 3 0.000000 3.000000 8036.406250
417 424 2 3 0.000000 3.000000 8036.406250
418 367 0 0 0.000000 0.000000 1.000000
418 421 2 2 0.000000 3.000000 45003.625000
418 425 2 5 0.000000 3.000000 1155.625000
420 475 1 3 0.000000 3.000000 4.343750
421 425 2 6 0.000000 3.000000 368.125000
422 374 0 0 0.000000 0.000000 1.000000
422 424 2 2 0.000000 3.000000 45003.625000
423 480 1 4 0.000000 3.000000 4.343750
424 371 0 0 0.000000 0.000000 1.000000
424 375 0 0 0.000000 0.000000 1.000000
424 423 0 0 0.000000 0.000000 1.000000
424 425 2 4 0.000000 3.000000 2816.125000
425 376 0 0 0.000000 0.000000 1.000000
426 479 3 2 0.000000 3.000000 3.000000
427 423 0 0 0.000000 0.000000 1.000000
429 421 0 0 0.000000 0.000000 1.000000
429 428 1 6 0.000000 3.000000 4.343750
430 431 2 6 0.000000 3.000000 368.125000
430 434 2 4 0.000000 3.000000 2816.125000
431 435 2 5 0.000000 3.000000 1155.625000
432 430 0 0 0.000000 0.000000 1.000000
432 433 1 4 0.000000 3.000000 4.343750
434 381 0 0 0.000000 0.000000 1.000000
434 433 0 0 0.000000 0.000000 1.000000
434 436 2 4 0.000000 3.000000 2816.125000
434 444 2 4 0.000000 3.000000 2816.125000
435 390 0 0 0.000000 0.000000 1.000000
435 391 0 0 0.000000 0.000000 1.000000
435 448 2 2 0.000000 3.000000 45003.625000
436 386 0 0 0.000000 0.000000 1.000000
436 439 2 2 0.000000 3.000000 45003.625000
436 445 2 6 0.000000 3.000000 368.125000
437 381 0 0 0.000000 0.000000 1.000000
437 433 0 0 0.000000 0.000000 1.000000
437 434 0 0 0.000000 0.000000 1.000000
437 438 3 4 0.000000 3.000000 3.000000
439 388 0 0 0.000000 0.000000 1.000000
439 435 2 4 0.000000 3.000000 2816.125000
439 446 2 5 0.000000 3.000000 1155.625000
441 388 0 0 0.000000 0.000000 1.000000
441 439 0 0 0.000000 0.000000 1.000000
441 440 0 0 0.000000 0.000000 1.000000
441 442 1 4 0.000000 3.000000 4.343750
443 442 0 0 0.000000 0.000000 1.000000
444 445 2 6 0.000000 3.000000 368.125000
444 463 2 3 0.000000 3.000000 8036.406250
445 403 0 0 0.000000 0.000000 1.000000
445 405 0 0 0.000000 0.000000 1.000000
445 447 2 5 0.000000 3.000000 1155.625000
445 464 2 4 0.000000 3.000000 2816.125000
446 447 2 3 0.000000 3.000000 8036.406250
446 448 2 10 0.000000 3.000000 75.625000
447 407 0 0 0.000000 0.000000 1.000000
447 408 0 0 0.000000 0.000000 1.000000
447 450 2 4 0.000000 3.000000 2816.125000
447 469 2 6 0.000000 3.000000 368.125000
447 474 2 8 0.000000 3.000000 179.406250
448 397 0 0 0.000000 0.000000 1.000000
448 450 2 5 0.000000 3.000000 1155.625000
448 452 2 3 0.000000 3.000000 8036.406250
450 399 0 0 0.000000 0.000000 1.000000
450 409 0 0 0.000000 0.000000 1.000000
450 410 0 0 0.000000 0.000000 1.000000
450 453 2 3 0.000000 3.000000 8036.406250
450 474 2 2 0.000000 3.000000 45003.625000
452 453 2 2 0.000000 3.000000 45003.625000
453 477 2 4 0.000000 3.000000 2816.125000
454 444 0 0 0.000000 0.000000 1.000000
454 455 3 6 0.000000 3.000000 3.000000
456 444 0 0 0.000000 0.000000 1.000000
456 454 0 0 0.000000 0.000000 1.000000
456 457 4 6 0.000000 3.000000 5.000000
457 455 0 0 0.000000 0.000000 1.000000
458 403 0 0 0.000000 0.000000 1.000000
458 405 0 0 0.000000 0.000000 1.000000
458 445 0 0 0.000000 0.000000 1.000000
458 455 0 0 0.000000 0.000000 1.000000
458 457 0 0 0.000000 0.000000 1.000000
458 459 1 5 0.000000 3.000000 4.343750
460 459 0 0 0.000000 0.000000 1.000000
461 451 0 0 0.000000 0.000000 1.000000
462 451 0 0 0.000000 0.000000 1.000000
462 461 0 0 0.000000 0.000000 1.000000
463 468 2 4 0.000000 3.000000 2816.125000
464 413 0 0 0.000000 0.000000 1.000000
464 466 2 4 0.000000 3.000000 2816.125000
464 469 2 5 0.000000 3.000000 1155.625000
466 415 0 0 0.000000 0.000000 1.000000
466 468 2 2 0.000000 3.000000 45003.625000
466 470 2 4 0.000000 3.000000 2816.125000
468 473 2 3 0.000000 3.000000 8036.406250
469 420 0 0 0.000000 0.000000 1.000000
469 470 2 3 0.000000 3.000000 8036.406250
469 476 2 3 0.000000 3.000000 8036.406250
470 419 0 0 0.000000 0.000000 1.000000
470 473 2 2 0.000000 3.000000 45003.625000
470 477 2 5 0.000000 3.000000 1155.625000
473 477 2 6 0.000000 3.000000 368.125000
474 426 0 0 0.000000 0.000000 1.000000
474 476 2 2 0.000000 3.000000 45003.625000
476 423 0 0 0.000000 0.000000 1.000000
476 427 0 0 0.000000 0.000000 1.000000
476 475 0 0 0.000000 0.000000 1.000000
476 477 2 4 0.000000 3.000000 2816.125000
477 428 0 0 0.000000 0.000000 1.000000
479 475 0 0 0.000000 0.000000 1.000000
481 473 0 0 0.000000 0.000000 1.000000
481 480 1 6 0.000000 3.000000 4.343750
482 483 2 6 0.000000 3.000000 368.125000
482 484 2 4 0.000000 3.000000 2816.125000
483 485 2 5 0.000000 3.000000 1155.625000
484 433 0 0 0.000000 0.000000 1.000000
484 486 2 4 0.000000 3.000000 2816.125000
484 488 2 4 0.000000 3.000000 2816.125000
485 442 0 0 0.000000 0.000000 1.000000
485 443 0 0 0.000000 0.000000 1.000000
485 492 2 2 0.000000 3.000000 45003.625000
486 438 0 0 0.000000 0.000000 1.000000
486 487 2 2 0.000000 3.000000 45003.625000
486 489 2 6 0.000000 3.000000 368.125000
487 440 0 0 0.000000 0.000000 1.000000
487 485 2 4 0.000000 3.000000 2816.125000
487 490 2 5 0.000000 3.000000 1155.625000
488 489 2 6 0.000000 3.000000 368.125000
488 496 2 3 0.000000 3.000000 8036.406250
489 455 0 0 0.000000 0.000000 1.000000
489 457 0 0 0.000000 0.000000 1.000000
489 491 2 5 0.000000 3.000000 1155.625000
489 497 2 4 0.000000 3.000000 2816.125000
490 491 2 3 0.000000 3.000000 8036.406250
490 492 2 10 0.000000 3.000000 75.625000
491 459 0 0 0.000000 0.000000 1.000000
491 460 0 0 0.000000 0.000000 1.000000
491 493 2 4 0.000000 3.000000 2816.125000
491 500 2 6 0.000000 3.000000 368.125000
491 503 2 8 0.000000 3.000000 179.406250
492 449 0 0 0.000000 0.000000 1.000000
492 493 2 5 0.000000 3.000000 1155.625000
492 494 2 3 0.000000 3.000000 8036.406250
493 451 0 0 0.000000 0.000000 1.000000
493 461 0 0 0.000000 0.000000 1.000000
493 462 0 0 0.000000 0.000000 1.000000
493 495 2 3 0.000000 3.000000 8036.406250
493 503 2 2 0.000000 3.000000 45003.625000
494 495 2 2 0.000000 3.000000 45003.625000
495 505 2 4 0.000000 3.000000 2816.125000
496 499 2 4 0.000000 3.000000 2816.125000
497 465 0 0 0.000000 0.000000 1.000000
497 498 2 4 0.000000 3.000000 2816.125000
497 500 2 5 0.000000 3.000000 1155.625000
498 467 0 0 0.000000 0.000000 1.000000
498 499 2 2 0.000000 3.000000 45003.625000
498 501 2 4 0.000000 3.000000 2816.125000
499 502 2 3 0.000000 3.000000 8036.406250
500 472 0 0 0.000000 0.000000 1.000000
500 501 2 3 0.000000 3.000000 8036.406250
500 504 2 3 0.000000 3.000000 8036.406250
501 471 0 0 0.000000 0.000000 1.000000
501 502 2 2 0.000000 3.000000 45003.625000
501 505 2 5 0.000000 3.000000 1155.625000
502 505 2 6 0.000000 3.000000 368.125000
503 478 0 0 0.000000 0.000000 1.000000
503 504 2 2 0.000000 3.000000 45003.625000
504 475 0 0 0.000000 0.000000 1.000000
504 479 0 0 0.000000 0.000000 1.000000
504 505 2 4 0.000000 3.000000 2816.125000
505 480 0 0 0.000000 0.000000 1.000000
