0 1 2 6 0.000000 3.000000 368.125000
0 4 2 4 0.000000 3.000000 2816.125000
1 5 2 5 0.000000 3.000000 1155.625000
2 0 0 0 0.000000 0.000000 1.000000
2 3 1 4 0.000000 3.000000 4.343750
4 3 0 0 0.000000 0.000000 1.000000
4 6 2 4 0.000000 3.000000 2816.125000
4 16 2 4 0.000000 3.000000 2816.125000
5 20 2 2 0.000000 3.000000 45003.625000
6 9 2 2 0.000000 3.000000 45003.625000
6 17 2 6 0.000000 3.000000 368.125000
7 3 0 0 0.000000 0.000000 1.000000
7 4 0 0 0.000000 0.000000 1.000000
7 8 3 4 0.000000 3.000000 3.000000
8 76 3 2 0.000000 3.000000 3.000000
9 5 2 4 0.000000 3.000000 2816.125000
9 18 2 5 0.000000 3.000000 1155.625000
10 6 0 0 0.000000 0.000000 1.000000
10 8 0 0 0.000000 0.000000 0.000000
10 11 3 2 0.000000 3.000000 3.000000
11 79 3 4 0.000000 3.000000 3.000000
12 9 0 0 0.000000 0.000000 1.000000
12 11 0 0 0.000000 0.000000 1.000000
12 13 1 4 0.000000 3.000000 4.343750
14 9 0 0 0.000000 0.000000 1.000000
14 11 0 0 0.000000 0.000000 0.000000
14 12 0 0 0.000000 0.000000 1.000000
14 15 3 4 0.000000 3.000000 3.000000
15 13 0 0 0.000000 0.000000 1.000000
15 85 3 2 0.000000 3.000000 3.000000
16 17 2 6 0.000000 3.000000 368.125000
16 40 2 3 0.000000 3.000000 8036.406250
17 19 2 5 0.000000 3.000000 1155.625000
17 41 2 4 0.000000 3.000000 2816.125000
18 19 2 3 0.000000 3.000000 8036.406250
18 20 2 10 0.000000 3.000000 75.625000
19 23 2 4 0.000000 3.000000 2816.125000
19 48 2 6 0.000000 3.000000 368.125000
19 54 2 8 0.000000 3.000000 179.406250
20 23 2 5 0.000000 3.000000 1155.625000
20 26 2 3 0.000000 3.000000 8036.406250
21 5 0 0 0.000000 0.000000 1.000000
21 13 0 0 0.000000 0.000000 1.000000
21 15 0 0 0.000000 0.000000 0.000000
21 22 3 2 0.000000 3.000000 3.000000
22 87 3 5 0.000000 3.000000 3.000000
23 27 2 3 0.000000 3.000000 8036.406250
23 54 2 2 0.000000 3.000000 45003.625000
24 20 0 0 0.000000 0.000000 1.000000
24 22 0 0 0.000000 0.000000 0.000000
24 25 3 5 0.000000 3.000000 3.000000
25 114 3 2 0.000000 3.000000 3.000000
26 27 2 2 0.000000 3.000000 45003.625000
27 58 2 4 0.000000 3.000000 2816.125000
28 16 0 0 0.000000 0.000000 1.000000
28 29 3 6 0.000000 3.000000 3.000000
29 101 3 4 0.000000 3.000000 3.000000
30 16 0 0 0.000000 0.000000 1.000000
30 28 0 0 0.000000 0.000000 1.000000
30 31 4 6 0.000000 3.000000 5.000000
31 29 0 0 0.000000 0.000000 1.000000
31 96 4 5 0.000000 3.000000 5.000000
32 17 0 0 0.000000 0.000000 1.000000
32 29 0 0 0.000000 0.000000 1.000000
32 31 0 0 0.000000 0.000000 1.000000
32 33 1 5 0.000000 3.000000 4.343750
33 97 1 4 0.000000 3.000000 4.343750
33 108 1 6 0.000000 3.000000 4.343750
34 17 0 0 0.000000 0.000000 1.000000
34 29 0 0 0.000000 0.000000 1.000000
34 31 0 0 0.000000 0.000000 0.000000
34 32 0 0 0.000000 0.000000 1.000000
34 35 4 5 0.000000 3.000000 5.000000
35 33 0 0 0.000000 0.000000 1.000000
35 98 4 4 0.000000 3.000000 5.000000
36 19 0 0 0.000000 0.000000 1.000000
36 33 0 0 0.000000 0.000000 0.000000
36 35 0 0 0.000000 0.000000 1.000000
36 37 1 4 0.000000 3.000000 4.343750
36 52 1 6 0.000000 3.000000 4.343750
37 25 0 0 0.000000 0.000000 1.000000
38 19 0 0 0.000000 0.000000 1.000000
38 33 0 0 0.000000 0.000000 1.000000
38 35 0 0 0.000000 0.000000 0.000000
38 36 0 0 0.000000 0.000000 1.000000
38 39 4 4 0.000000 3.000000 5.000000
39 25 0 0 0.000000 0.000000 1.000000
39 37 0 0 0.000000 0.000000 1.000000
40 47 2 4 0.000000 3.000000 2816.125000
41 44 2 4 0.000000 3.000000 2816.125000
41 48 2 5 0.000000 3.000000 1155.625000
42 17 0 0 0.000000 0.000000 1.000000
42 29 0 0 0.000000 0.000000 0.000000
42 31 0 0 0.000000 0.000000 1.000000
42 32 0 0 0.000000 0.000000 1.000000
42 34 0 0 0.000000 0.000000 1.000000
42 43 3 4 0.000000 3.000000 3.000000
43 103 3 4 0.000000 3.000000 3.000000
44 47 2 2 0.000000 3.000000 45003.625000
44 49 2 4 0.000000 3.000000 2816.125000