
0 1 2 6 0.000000 3.000000 368.125000
0 4 2 4 0.000000 3.000000 2816.125000

1 5 2 5 0.000000 3.000000 1155.625000

4 3 0 0 0.000000 0.000000 1.000000
4 6 2 4 0.000000 3.000000 2816.125000
4 16 2 4 0.000000 3.000000 2816.125000

5 20 2 2 0.000000 3.000000 45003.625000

20 23 2 5 0.000000 3.000000 1155.625000
20 26 2 3 0.000000 3.000000 8036.406250

23 27 2 3 0.000000 3.000000 8036.406250
23 54 2 2 0.000000 3.000000 45003.625000

26 27 2 2 0.000000 3.000000 45003.625000

27 58 2 4 0.000000 3.000000 2816.125000


6 9 2 2 0.000000 3.000000 45003.625000
6 17 2 6 0.000000 3.000000 368.125000

9 5 2 4 0.000000 3.000000 2816.125000
9 18 2 5 0.000000 3.000000 1155.625000

5 20 2 2 0.000000 3.000000 45003.625000

20 23 2 5 0.000000 3.000000 1155.625000
20 26 2 3 0.000000 3.000000 8036.406250

23 27 2 3 0.000000 3.000000 8036.406250
23 54 2 2 0.000000 3.000000 45003.625000

26 27 2 2 0.000000 3.000000 45003.625000

27 58 2 4 0.000000 3.000000 2816.125000


17 19 2 5 0.000000 3.000000 1155.625000
17 41 2 4 0.000000 3.000000 2816.125000



18 19 2 3 0.000000 3.000000 8036.406250
18 20 2 10 0.000000 3.000000 75.625000

19 23 2 4 0.000000 3.000000 2816.125000
19 48 2 6 0.000000 3.000000 368.125000
19 54 2 8 0.000000 3.000000 179.406250
20 23 2 5 0.000000 3.000000 1155.625000
20 26 2 3 0.000000 3.000000 8036.406250


23 27 2 3 0.000000 3.000000 8036.406250
23 54 2 2 0.000000 3.000000 45003.625000

26 27 2 2 0.000000 3.000000 45003.625000

27 58 2 4 0.000000 3.000000 2816.125000


48 49 2 3 0.000000 3.000000 8036.406250
48 57 2 3 0.000000 3.000000 8036.406250
49 53 2 2 0.000000 3.000000 45003.625000

49 58 2 5 0.000000 3.000000 1155.625000

57 56 0 0 0.000000 0.000000 1.000000
57 58 2 4 0.000000 3.000000 2816.125000

56 116 1 4 0.000000 3.000000 4.343750

53 58 2 6 0.000000 3.000000 368.125000

54 57 2 2 0.000000 3.000000 45003.625000

57 56 0 0 0.000000 0.000000 1.000000
57 58 2 4 0.000000 3.000000 2816.125000

56 116 1 4 0.000000 3.000000 4.343750


20 23 2 5 0.000000 3.000000 1155.625000
20 26 2 3 0.000000 3.000000 8036.406250

23 27 2 3 0.000000 3.000000 8036.406250
23 54 2 2 0.000000 3.000000 45003.625000

26 27 2 2 0.000000 3.000000 45003.625000

27 58 2 4 0.000000 3.000000 2816.125000


26 27 2 2 0.000000 3.000000 45003.625000
27 58 2 4 0.000000 3.000000 2816.125000


41 44 2 4 0.000000 3.000000 2816.125000
41 48 2 5 0.000000 3.000000 1155.625000

44 47 2 2 0.000000 3.000000 45003.625000
44 49 2 4 0.000000 3.000000 2816.125000

47 53 2 3 0.000000 3.000000 8036.406250
53 58 2 6 0.000000 3.000000 368.125000
49 53 2 2 0.000000 3.000000 45003.625000
53 58 2 6 0.000000 3.000000 368.125000
49 58 2 5 0.000000 3.000000 1155.625000

48 49 2 3 0.000000 3.000000 8036.406250

49 53 2 2 0.000000 3.000000 45003.625000
53 58 2 6 0.000000 3.000000 368.125000
49 58 2 5 0.000000 3.000000 1155.625000 


