0 1 2 3000 0 3.000000 3.625000
0 4 2 2000 0 3.000000 3.625000
1 5 2 2500 0 3.000000 3.625000
2 3 1 2000 0 3.000000 4.343750
3 70 0 0 0 0.000000 3.000000
3 73 0 0 0 0.000000 3.000000
3 122 0 0 0 0.000000 3.000000
4 6 2 2000 0 3.000000 3.625000
4 7 0 0 0 0.000000 3.000000
4 16 2 2000 0 3.000000 3.625000
5 20 2 1000 0 3.000000 3.625000
5 21 0 0 0 0.000000 3.000000
6 9 2 1000 0 3.000000 3.625000
6 10 0 0 0 0.000000 3.000000
6 17 2 3000 0 3.000000 3.625000
7 4 0 0 0 0.000000 3.000000
7 8 3 2000 0 3.000000 4.200000
7 70 0 0 0 0.000000 3.000000
8 72 0 0 0 0.000000 3.000000
8 76 3 1000 0 3.000000 4.200000
8 124 0 0 0 0.000000 3.000000
9 5 2 2000 0 3.000000 3.625000
9 12 0 0 0 0.000000 3.000000
9 14 0 0 0 0.000000 3.000000
9 18 2 2500 0 3.000000 3.625000
10 6 0 0 0 0.000000 3.000000
10 11 3 1000 0 3.000000 4.200000
10 72 0 0 0 0.000000 3.000000
11 75 0 0 0 0.000000 3.000000
11 77 0 0 0 0.000000 3.000000
11 79 3 2000 0 3.000000 4.200000
11 127 0 0 0 0.000000 3.000000
12 9 0 0 0 0.000000 3.000000
12 13 1 2000 0 3.000000 4.343750
12 14 0 0 0 0.000000 3.000000
12 75 0 0 0 0.000000 3.000000
13 15 0 0 0 0.000000 3.000000
13 71 0 0 0 0.000000 3.000000
13 123 0 0 0 0.000000 3.000000
14 9 0 0 0 0.000000 3.000000
14 12 0 0 0 0.000000 3.000000
14 15 3 2000 0 3.000000 4.200000
14 75 0 0 0 0.000000 3.000000
15 13 0 0 0 0.000000 3.000000
15 71 0 0 0 0.000000 3.000000
15 85 3 1000 0 3.000000 4.200000
15 123 0 0 0 0.000000 3.000000
16 17 2 3000 0 3.000000 3.625000
16 28 0 0 0 0.000000 3.000000
16 30 0 0 0 0.000000 3.000000
16 40 2 1500 0 3.000000 3.625000
17 19 2 2500 0 3.000000 3.625000
17 32 0 0 0 0.000000 3.000000
17 34 0 0 0 0.000000 3.000000
17 41 2 2000 0 3.000000 3.625000
17 42 0 0 0 0.000000 3.000000
18 19 2 1500 0 3.000000 3.625000
18 20 2 5000 0 3.000000 3.625000
19 23 2 2000 0 3.000000 3.625000
19 36 0 0 0 0.000000 3.000000
19 38 0 0 0 0.000000 3.000000
19 48 2 3000 0 3.000000 3.625000
19 54 2 4000 0 3.000000 3.625000
20 23 2 2500 0 3.000000 3.625000
20 24 0 0 0 0.000000 3.000000
20 26 2 1500 0 3.000000 3.625000
21 5 0 0 0 0.000000 3.000000
21 22 3 1000 0 3.000000 4.200000
21 71 0 0 0 0.000000 3.000000
22 84 0 0 0 0.000000 3.000000
22 87 3 2500 0 3.000000 4.200000
22 136 0 0 0 0.000000 3.000000
23 27 2 1500 0 3.000000 3.625000
23 54 2 1000 0 3.000000 3.625000
23 59 0 0 0 0.000000 3.000000
24 20 0 0 0 0.000000 3.000000
24 25 3 2500 0 3.000000 4.200000
24 84 0 0 0 0.000000 3.000000
25 37 0 0 0 0.000000 3.000000
25 39 0 0 0 0.000000 3.000000
25 86 0 0 0 0.000000 3.000000
25 114 3 1000 0 3.000000 4.200000
25 138 0 0 0 0.000000 3.000000
26 27 2 1000 0 3.000000 3.625000
27 58 2 2000 0 3.000000 3.625000
28 16 0 0 0 0.000000 3.000000
28 29 3 3000 0 3.000000 4.200000
28 30 0 0 0 0.000000 3.000000
28 80 0 0 0 0.000000 3.000000
29 31 0 0 0 0.000000 3.000000
29 81 0 0 0 0.000000 3.000000
29 94 0 0 0 0.000000 3.000000
29 101 3 2000 0 3.000000 4.200000
29 133 0 0 0 0.000000 3.000000
30 16 0 0 0 0.000000 3.000000
30 28 0 0 0 0.000000 3.000000
30 31 4 3000 0 3.000000 5.000000
30 80 0 0 0 0.000000 3.000000
31 29 0 0 0 0.000000 3.000000
31 81 0 0 0 0.000000 3.000000
31 94 0 0 0 0.000000 3.000000
31 96 4 2500 0 3.000000 5.000000
31 133 0 0 0 0.000000 3.000000
32 17 0 0 0 0.000000 3.000000
32 33 1 2500 0 3.000000 4.343750
32 34 0 0 0 0.000000 3.000000
32 42 0 0 0 0.000000 3.000000
32 81 0 0 0 0.000000 3.000000
33 35 0 0 0 0.000000 3.000000
33 83 0 0 0 0.000000 3.000000
33 97 1 2000 0 3.000000 4.343750
33 108 1 3000 0 3.000000 4.343750
33 135 0 0 0 0.000000 3.000000
34 17 0 0 0 0.000000 3.000000
34 32 0 0 0 0.000000 3.000000
34 35 4 2500 0 3.000000 5.000000
34 42 0 0 0 0.000000 3.000000
34 81 0 0 0 0.000000 3.000000
35 33 0 0 0 0.000000 3.000000
35 83 0 0 0 0.000000 3.000000
35 98 4 2000 0 3.000000 5.000000
35 135 0 0 0 0.000000 3.000000
36 19 0 0 0 0.000000 3.000000
36 37 1 2000 0 3.000000 4.343750
36 38 0 0 0 0.000000 3.000000
36 52 1 3000 0 3.000000 4.343750
36 83 0 0 0 0.000000 3.000000
37 25 0 0 0 0.000000 3.000000
37 39 0 0 0 0.000000 3.000000
37 86 0 0 0 0.000000 3.000000
37 138 0 0 0 0.000000 3.000000
38 19 0 0 0 0.000000 3.000000
38 36 0 0 0 0.000000 3.000000
38 39 4 2000 0 3.000000 5.000000
38 83 0 0 0 0.000000 3.000000
39 25 0 0 0 0.000000 3.000000
39 37 0 0 0 0.000000 3.000000
39 86 0 0 0 0.000000 3.000000
39 138 0 0 0 0.000000 3.000000
40 47 2 2000 0 3.000000 3.625000
41 44 2 2000 0 3.000000 3.625000
41 45 0 0 0 0.000000 3.000000
41 48 2 2500 0 3.000000 3.625000
42 17 0 0 0 0.000000 3.000000
42 32 0 0 0 0.000000 3.000000
42 34 0 0 0 0.000000 3.000000
42 43 3 2000 0 3.000000 4.200000
42 81 0 0 0 0.000000 3.000000
43 100 0 0 0 0.000000 3.000000
43 103 3 2000 0 3.000000 4.200000
43 152 0 0 0 0.000000 3.000000
44 47 2 1000 0 3.000000 3.625000
44 49 2 2000 0 3.000000 3.625000
44 50 0 0 0 0.000000 3.000000
45 41 0 0 0 0.000000 3.000000
45 46 3 2000 0 3.000000 4.200000
45 100 0 0 0 0.000000 3.000000
46 102 0 0 0 0.000000 3.000000
46 107 3 2000 0 3.000000 4.200000
46 154 0 0 0 0.000000 3.000000
47 53 2 1500 0 3.000000 3.625000
48 49 2 1500 0 3.000000 3.625000
48 55 0 0 0 0.000000 3.000000
48 57 2 1500 0 3.000000 3.625000
49 53 2 1000 0 3.000000 3.625000
49 58 2 2500 0 3.000000 3.625000
50 44 0 0 0 0.000000 3.000000
50 51 3 2000 0 3.000000 4.200000
50 102 0 0 0 0.000000 3.000000
51 106 0 0 0 0.000000 3.000000
51 158 0 0 0 0.000000 3.000000
52 105 0 0 0 0.000000 3.000000
52 111 1 1500 0 3.000000 4.343750
52 157 0 0 0 0.000000 3.000000
53 58 2 3000 0 3.000000 3.625000
53 65 0 0 0 0.000000 3.000000
54 57 2 1000 0 3.000000 3.625000
54 61 0 0 0 0.000000 3.000000
55 48 0 0 0 0.000000 3.000000
55 56 1 1500 0 3.000000 4.343750
55 105 0 0 0 0.000000 3.000000
56 62 0 0 0 0.000000 3.000000
56 112 0 0 0 0.000000 3.000000
56 116 1 2000 0 3.000000 4.343750
56 164 0 0 0 0.000000 3.000000
57 58 2 2000 0 3.000000 3.625000
57 63 0 0 0 0.000000 3.000000
59 23 0 0 0 0.000000 3.000000
59 60 3 1000 0 3.000000 4.200000
59 86 0 0 0 0.000000 3.000000
60 110 0 0 0 0.000000 3.000000
60 115 3 1000 0 3.000000 4.200000
60 162 0 0 0 0.000000 3.000000
61 54 0 0 0 0.000000 3.000000
61 62 3 1000 0 3.000000 4.200000
61 110 0 0 0 0.000000 3.000000
62 56 0 0 0 0.000000 3.000000
62 112 0 0 0 0.000000 3.000000
62 164 0 0 0 0.000000 3.000000
63 57 0 0 0 0.000000 3.000000
63 64 1 2000 0 3.000000 4.343750
63 112 0 0 0 0.000000 3.000000
65 53 0 0 0 0.000000 3.000000
65 64 1 3000 0 3.000000 4.343750
65 109 0 0 0 0.000000 3.000000
66 67 2 3000 0 3.000000 3.625000
66 70 2 2000 0 3.000000 3.625000
67 71 2 2500 0 3.000000 3.625000
68 69 1 2000 0 3.000000 4.343750
69 122 0 0 0 0.000000 3.000000
69 125 0 0 0 0.000000 3.000000
69 174 0 0 0 0.000000 3.000000
70 3 0 0 0 0.000000 3.000000
70 72 2 2000 0 3.000000 3.625000
70 73 0 0 0 0.000000 3.000000
70 80 2 2000 0 3.000000 3.625000
71 13 0 0 0 0.000000 3.000000
71 15 0 0 0 0.000000 3.000000
71 84 2 1000 0 3.000000 3.625000
72 8 0 0 0 0.000000 3.000000
72 75 2 1000 0 3.000000 3.625000
72 81 2 3000 0 3.000000 3.625000
73 3 0 0 0 0.000000 3.000000
73 70 0 0 0 0.000000 3.000000
73 74 3 2000 0 3.000000 4.200000
73 122 0 0 0 0.000000 3.000000
74 124 0 0 0 0.000000 3.000000
74 128 3 1000 0 3.000000 4.200000
74 176 0 0 0 0.000000 3.000000
75 11 0 0 0 0.000000 3.000000
75 71 2 2000 0 3.000000 3.625000
75 77 0 0 0 0.000000 3.000000
75 82 2 2500 0 3.000000 3.625000
76 127 0 0 0 0.000000 3.000000
76 129 0 0 0 0.000000 3.000000
76 131 3 2000 0 3.000000 4.200000
76 179 0 0 0 0.000000 3.000000
77 11 0 0 0 0.000000 3.000000
77 75 0 0 0 0.000000 3.000000
77 78 1 2000 0 3.000000 4.343750
77 127 0 0 0 0.000000 3.000000
78 79 0 0 0 0.000000 3.000000
78 123 0 0 0 0.000000 3.000000
78 175 0 0 0 0.000000 3.000000
79 78 0 0 0 0.000000 3.000000
79 123 0 0 0 0.000000 3.000000
79 137 3 1000 0 3.000000 4.200000
79 175 0 0 0 0.000000 3.000000
80 81 2 3000 0 3.000000 3.625000
80 90 0 0 0 0.000000 3.000000
80 92 0 0 0 0.000000 3.000000
80 99 2 1500 0 3.000000 3.625000
81 29 0 0 0 0.000000 3.000000
81 31 0 0 0 0.000000 3.000000
81 83 2 2500 0 3.000000 3.625000
81 94 0 0 0 0.000000 3.000000
81 100 2 2000 0 3.000000 3.625000
82 83 2 1500 0 3.000000 3.625000
82 84 2 5000 0 3.000000 3.625000
83 33 0 0 0 0.000000 3.000000
83 35 0 0 0 0.000000 3.000000
83 86 2 2000 0 3.000000 3.625000
83 105 2 3000 0 3.000000 3.625000
83 110 2 4000 0 3.000000 3.625000
84 22 0 0 0 0.000000 3.000000
84 86 2 2500 0 3.000000 3.625000
84 88 2 1500 0 3.000000 3.625000
85 136 0 0 0 0.000000 3.000000
85 139 3 2500 0 3.000000 4.200000
85 188 0 0 0 0.000000 3.000000
86 25 0 0 0 0.000000 3.000000
86 37 0 0 0 0.000000 3.000000
86 39 0 0 0 0.000000 3.000000
86 89 2 1500 0 3.000000 3.625000
86 110 2 1000 0 3.000000 3.625000
87 97 0 0 0 0.000000 3.000000
87 98 0 0 0 0.000000 3.000000
87 138 0 0 0 0.000000 3.000000
87 166 3 1000 0 3.000000 4.200000
87 190 0 0 0 0.000000 3.000000
88 89 2 1000 0 3.000000 3.625000
89 113 2 2000 0 3.000000 3.625000
90 80 0 0 0 0.000000 3.000000
90 91 3 3000 0 3.000000 4.200000
90 92 0 0 0 0.000000 3.000000
90 132 0 0 0 0.000000 3.000000
91 93 0 0 0 0.000000 3.000000
91 133 0 0 0 0.000000 3.000000
91 146 0 0 0 0.000000 3.000000
91 153 3 2000 0 3.000000 4.200000
91 185 0 0 0 0.000000 3.000000
92 80 0 0 0 0.000000 3.000000
92 90 0 0 0 0.000000 3.000000
92 93 4 3000 0 3.000000 5.000000
92 132 0 0 0 0.000000 3.000000
93 91 0 0 0 0.000000 3.000000
93 133 0 0 0 0.000000 3.000000
93 146 0 0 0 0.000000 3.000000
93 148 4 2500 0 3.000000 5.000000
93 185 0 0 0 0.000000 3.000000
94 29 0 0 0 0.000000 3.000000
94 31 0 0 0 0.000000 3.000000
94 81 0 0 0 0.000000 3.000000
94 95 1 2500 0 3.000000 4.343750
94 133 0 0 0 0.000000 3.000000
95 96 0 0 0 0.000000 3.000000
95 135 0 0 0 0.000000 3.000000
95 149 1 2000 0 3.000000 4.343750
95 160 1 3000 0 3.000000 4.343750
95 187 0 0 0 0.000000 3.000000
96 95 0 0 0 0.000000 3.000000
96 135 0 0 0 0.000000 3.000000
96 150 4 2000 0 3.000000 5.000000
96 187 0 0 0 0.000000 3.000000
97 87 0 0 0 0.000000 3.000000
97 98 0 0 0 0.000000 3.000000
97 138 0 0 0 0.000000 3.000000
97 190 0 0 0 0.000000 3.000000
98 87 0 0 0 0.000000 3.000000
98 97 0 0 0 0.000000 3.000000
98 138 0 0 0 0.000000 3.000000
98 190 0 0 0 0.000000 3.000000
99 104 2 2000 0 3.000000 3.625000
100 43 0 0 0 0.000000 3.000000
100 102 2 2000 0 3.000000 3.625000
100 105 2 2500 0 3.000000 3.625000
101 152 0 0 0 0.000000 3.000000
101 155 3 2000 0 3.000000 4.200000
101 204 0 0 0 0.000000 3.000000
102 46 0 0 0 0.000000 3.000000
102 104 2 1000 0 3.000000 3.625000
102 106 2 2000 0 3.000000 3.625000
103 154 0 0 0 0.000000 3.000000
103 159 3 2000 0 3.000000 4.200000
103 206 0 0 0 0.000000 3.000000
104 109 2 1500 0 3.000000 3.625000
105 52 0 0 0 0.000000 3.000000
105 106 2 1500 0 3.000000 3.625000
105 112 2 1500 0 3.000000 3.625000
106 51 0 0 0 0.000000 3.000000
106 109 2 1000 0 3.000000 3.625000
106 113 2 2500 0 3.000000 3.625000
107 158 0 0 0 0.000000 3.000000
107 210 0 0 0 0.000000 3.000000
108 157 0 0 0 0.000000 3.000000
108 163 1 1500 0 3.000000 4.343750
108 209 0 0 0 0.000000 3.000000
109 113 2 3000 0 3.000000 3.625000
109 117 0 0 0 0.000000 3.000000
110 60 0 0 0 0.000000 3.000000
110 112 2 1000 0 3.000000 3.625000
111 115 0 0 0 0.000000 3.000000
111 164 0 0 0 0.000000 3.000000
111 168 1 2000 0 3.000000 4.343750
111 216 0 0 0 0.000000 3.000000
112 56 0 0 0 0.000000 3.000000
112 62 0 0 0 0.000000 3.000000
112 113 2 2000 0 3.000000 3.625000
114 162 0 0 0 0.000000 3.000000
114 167 3 1000 0 3.000000 4.200000
114 214 0 0 0 0.000000 3.000000
115 111 0 0 0 0.000000 3.000000
115 164 0 0 0 0.000000 3.000000
115 216 0 0 0 0.000000 3.000000
117 109 0 0 0 0.000000 3.000000
117 116 1 3000 0 3.000000 4.343750
117 161 0 0 0 0.000000 3.000000
118 119 2 3000 0 3.000000 3.625000
118 122 2 2000 0 3.000000 3.625000
119 123 2 2500 0 3.000000 3.625000
120 121 1 2000 0 3.000000 4.343750
121 174 0 0 0 0.000000 3.000000
121 177 0 0 0 0.000000 3.000000
121 226 0 0 0 0.000000 3.000000
122 69 0 0 0 0.000000 3.000000
122 124 2 2000 0 3.000000 3.625000
122 125 0 0 0 0.000000 3.000000
122 132 2 2000 0 3.000000 3.625000
123 78 0 0 0 0.000000 3.000000
123 79 0 0 0 0.000000 3.000000
123 136 2 1000 0 3.000000 3.625000
124 74 0 0 0 0.000000 3.000000
124 127 2 1000 0 3.000000 3.625000
124 133 2 3000 0 3.000000 3.625000
125 69 0 0 0 0.000000 3.000000
125 122 0 0 0 0.000000 3.000000
125 126 3 2000 0 3.000000 4.200000
125 174 0 0 0 0.000000 3.000000
126 176 0 0 0 0.000000 3.000000
126 180 3 1000 0 3.000000 4.200000
126 228 0 0 0 0.000000 3.000000
127 76 0 0 0 0.000000 3.000000
127 123 2 2000 0 3.000000 3.625000
127 129 0 0 0 0.000000 3.000000
127 134 2 2500 0 3.000000 3.625000
128 179 0 0 0 0.000000 3.000000
128 181 0 0 0 0.000000 3.000000
128 183 3 2000 0 3.000000 4.200000
128 231 0 0 0 0.000000 3.000000
129 76 0 0 0 0.000000 3.000000
129 127 0 0 0 0.000000 3.000000
129 130 1 2000 0 3.000000 4.343750
129 179 0 0 0 0.000000 3.000000
130 131 0 0 0 0.000000 3.000000
130 175 0 0 0 0.000000 3.000000
130 227 0 0 0 0.000000 3.000000
131 130 0 0 0 0.000000 3.000000
131 175 0 0 0 0.000000 3.000000
131 189 3 1000 0 3.000000 4.200000
131 227 0 0 0 0.000000 3.000000
132 133 2 3000 0 3.000000 3.625000
132 142 0 0 0 0.000000 3.000000
132 144 0 0 0 0.000000 3.000000
132 151 2 1500 0 3.000000 3.625000
133 91 0 0 0 0.000000 3.000000
133 93 0 0 0 0.000000 3.000000
133 135 2 2500 0 3.000000 3.625000
133 146 0 0 0 0.000000 3.000000
133 152 2 2000 0 3.000000 3.625000
134 135 2 1500 0 3.000000 3.625000
134 136 2 5000 0 3.000000 3.625000
135 95 0 0 0 0.000000 3.000000
135 96 0 0 0 0.000000 3.000000
135 138 2 2000 0 3.000000 3.625000
135 157 2 3000 0 3.000000 3.625000
135 162 2 4000 0 3.000000 3.625000
136 85 0 0 0 0.000000 3.000000
136 138 2 2500 0 3.000000 3.625000
136 140 2 1500 0 3.000000 3.625000
137 188 0 0 0 0.000000 3.000000
137 191 3 2500 0 3.000000 4.200000
137 240 0 0 0 0.000000 3.000000
138 87 0 0 0 0.000000 3.000000
138 97 0 0 0 0.000000 3.000000
138 98 0 0 0 0.000000 3.000000
138 141 2 1500 0 3.000000 3.625000
138 162 2 1000 0 3.000000 3.625000
139 149 0 0 0 0.000000 3.000000
139 150 0 0 0 0.000000 3.000000
139 190 0 0 0 0.000000 3.000000
139 218 3 1000 0 3.000000 4.200000
139 242 0 0 0 0.000000 3.000000
140 141 2 1000 0 3.000000 3.625000
141 165 2 2000 0 3.000000 3.625000
142 132 0 0 0 0.000000 3.000000
142 143 3 3000 0 3.000000 4.200000
142 144 0 0 0 0.000000 3.000000
142 184 0 0 0 0.000000 3.000000
143 145 0 0 0 0.000000 3.000000
143 185 0 0 0 0.000000 3.000000
143 198 0 0 0 0.000000 3.000000
143 205 3 2000 0 3.000000 4.200000
143 237 0 0 0 0.000000 3.000000
144 132 0 0 0 0.000000 3.000000
144 142 0 0 0 0.000000 3.000000
144 145 4 3000 0 3.000000 5.000000
144 184 0 0 0 0.000000 3.000000
145 143 0 0 0 0.000000 3.000000
145 185 0 0 0 0.000000 3.000000
145 198 0 0 0 0.000000 3.000000
145 200 4 2500 0 3.000000 5.000000
145 237 0 0 0 0.000000 3.000000
146 91 0 0 0 0.000000 3.000000
146 93 0 0 0 0.000000 3.000000
146 133 0 0 0 0.000000 3.000000
146 147 1 2500 0 3.000000 4.343750
146 185 0 0 0 0.000000 3.000000
147 148 0 0 0 0.000000 3.000000
147 187 0 0 0 0.000000 3.000000
147 201 1 2000 0 3.000000 4.343750
147 212 1 3000 0 3.000000 4.343750
147 239 0 0 0 0.000000 3.000000
148 147 0 0 0 0.000000 3.000000
148 187 0 0 0 0.000000 3.000000
148 202 4 2000 0 3.000000 5.000000
148 239 0 0 0 0.000000 3.000000
149 139 0 0 0 0.000000 3.000000
149 150 0 0 0 0.000000 3.000000
149 190 0 0 0 0.000000 3.000000
149 242 0 0 0 0.000000 3.000000
150 139 0 0 0 0.000000 3.000000
150 149 0 0 0 0.000000 3.000000
150 190 0 0 0 0.000000 3.000000
150 242 0 0 0 0.000000 3.000000
151 156 2 2000 0 3.000000 3.625000
152 101 0 0 0 0.000000 3.000000
152 154 2 2000 0 3.000000 3.625000
152 157 2 2500 0 3.000000 3.625000
153 204 0 0 0 0.000000 3.000000
153 207 3 2000 0 3.000000 4.200000
153 256 0 0 0 0.000000 3.000000
154 103 0 0 0 0.000000 3.000000
154 156 2 1000 0 3.000000 3.625000
154 158 2 2000 0 3.000000 3.625000
155 206 0 0 0 0.000000 3.000000
155 211 3 2000 0 3.000000 4.200000
155 258 0 0 0 0.000000 3.000000
156 161 2 1500 0 3.000000 3.625000
157 108 0 0 0 0.000000 3.000000
157 158 2 1500 0 3.000000 3.625000
157 164 2 1500 0 3.000000 3.625000
158 107 0 0 0 0.000000 3.000000
158 161 2 1000 0 3.000000 3.625000
158 165 2 2500 0 3.000000 3.625000
159 210 0 0 0 0.000000 3.000000
159 262 0 0 0 0.000000 3.000000
160 209 0 0 0 0.000000 3.000000
160 215 1 1500 0 3.000000 4.343750
160 261 0 0 0 0.000000 3.000000
161 165 2 3000 0 3.000000 3.625000
161 169 0 0 0 0.000000 3.000000
162 114 0 0 0 0.000000 3.000000
162 164 2 1000 0 3.000000 3.625000
163 167 0 0 0 0.000000 3.000000
163 216 0 0 0 0.000000 3.000000
163 220 1 2000 0 3.000000 4.343750
163 268 0 0 0 0.000000 3.000000
164 111 0 0 0 0.000000 3.000000
164 115 0 0 0 0.000000 3.000000
164 165 2 2000 0 3.000000 3.625000
166 214 0 0 0 0.000000 3.000000
166 219 3 1000 0 3.000000 4.200000
166 266 0 0 0 0.000000 3.000000
167 163 0 0 0 0.000000 3.000000
167 216 0 0 0 0.000000 3.000000
167 268 0 0 0 0.000000 3.000000
169 161 0 0 0 0.000000 3.000000
169 168 1 3000 0 3.000000 4.343750
169 213 0 0 0 0.000000 3.000000
170 171 2 3000 0 3.000000 3.625000
170 174 2 2000 0 3.000000 3.625000
171 175 2 2500 0 3.000000 3.625000
172 173 1 2000 0 3.000000 4.343750
173 226 0 0 0 0.000000 3.000000
173 229 0 0 0 0.000000 3.000000
173 278 0 0 0 0.000000 3.000000
174 121 0 0 0 0.000000 3.000000
174 176 2 2000 0 3.000000 3.625000
174 177 0 0 0 0.000000 3.000000
174 184 2 2000 0 3.000000 3.625000
175 130 0 0 0 0.000000 3.000000
175 131 0 0 0 0.000000 3.000000
175 188 2 1000 0 3.000000 3.625000
176 126 0 0 0 0.000000 3.000000
176 179 2 1000 0 3.000000 3.625000
176 185 2 3000 0 3.000000 3.625000
177 121 0 0 0 0.000000 3.000000
177 174 0 0 0 0.000000 3.000000
177 178 3 2000 0 3.000000 4.200000
177 226 0 0 0 0.000000 3.000000
178 228 0 0 0 0.000000 3.000000
178 232 3 1000 0 3.000000 4.200000
178 280 0 0 0 0.000000 3.000000
179 128 0 0 0 0.000000 3.000000
179 175 2 2000 0 3.000000 3.625000
179 181 0 0 0 0.000000 3.000000
179 186 2 2500 0 3.000000 3.625000
180 231 0 0 0 0.000000 3.000000
180 233 0 0 0 0.000000 3.000000
180 235 3 2000 0 3.000000 4.200000
180 283 0 0 0 0.000000 3.000000
181 128 0 0 0 0.000000 3.000000
181 179 0 0 0 0.000000 3.000000
181 182 1 2000 0 3.000000 4.343750
181 231 0 0 0 0.000000 3.000000
182 183 0 0 0 0.000000 3.000000
182 227 0 0 0 0.000000 3.000000
182 279 0 0 0 0.000000 3.000000
183 182 0 0 0 0.000000 3.000000
183 227 0 0 0 0.000000 3.000000
183 241 3 1000 0 3.000000 4.200000
183 279 0 0 0 0.000000 3.000000
184 185 2 3000 0 3.000000 3.625000
184 194 0 0 0 0.000000 3.000000
184 196 0 0 0 0.000000 3.000000
184 203 2 1500 0 3.000000 3.625000
185 143 0 0 0 0.000000 3.000000
185 145 0 0 0 0.000000 3.000000
185 187 2 2500 0 3.000000 3.625000
185 198 0 0 0 0.000000 3.000000
185 204 2 2000 0 3.000000 3.625000
186 187 2 1500 0 3.000000 3.625000
186 188 2 5000 0 3.000000 3.625000
187 147 0 0 0 0.000000 3.000000
187 148 0 0 0 0.000000 3.000000
187 190 2 2000 0 3.000000 3.625000
187 209 2 3000 0 3.000000 3.625000
187 214 2 4000 0 3.000000 3.625000
188 137 0 0 0 0.000000 3.000000
188 190 2 2500 0 3.000000 3.625000
188 192 2 1500 0 3.000000 3.625000
189 240 0 0 0 0.000000 3.000000
189 243 3 2500 0 3.000000 4.200000
189 292 0 0 0 0.000000 3.000000
190 139 0 0 0 0.000000 3.000000
190 149 0 0 0 0.000000 3.000000
190 150 0 0 0 0.000000 3.000000
190 193 2 1500 0 3.000000 3.625000
190 214 2 1000 0 3.000000 3.625000
191 201 0 0 0 0.000000 3.000000
191 202 0 0 0 0.000000 3.000000
191 242 0 0 0 0.000000 3.000000
191 270 3 1000 0 3.000000 4.200000
191 294 0 0 0 0.000000 3.000000
192 193 2 1000 0 3.000000 3.625000
193 217 2 2000 0 3.000000 3.625000
194 184 0 0 0 0.000000 3.000000
194 195 3 3000 0 3.000000 4.200000
194 196 0 0 0 0.000000 3.000000
194 236 0 0 0 0.000000 3.000000
195 197 0 0 0 0.000000 3.000000
195 237 0 0 0 0.000000 3.000000
195 250 0 0 0 0.000000 3.000000
195 257 3 2000 0 3.000000 4.200000
195 289 0 0 0 0.000000 3.000000
196 184 0 0 0 0.000000 3.000000
196 194 0 0 0 0.000000 3.000000
196 197 4 3000 0 3.000000 5.000000
196 236 0 0 0 0.000000 3.000000
197 195 0 0 0 0.000000 3.000000
197 237 0 0 0 0.000000 3.000000
197 250 0 0 0 0.000000 3.000000
197 252 4 2500 0 3.000000 5.000000
197 289 0 0 0 0.000000 3.000000
198 143 0 0 0 0.000000 3.000000
198 145 0 0 0 0.000000 3.000000
198 185 0 0 0 0.000000 3.000000
198 199 1 2500 0 3.000000 4.343750
198 237 0 0 0 0.000000 3.000000
199 200 0 0 0 0.000000 3.000000
199 239 0 0 0 0.000000 3.000000
199 253 1 2000 0 3.000000 4.343750
199 264 1 3000 0 3.000000 4.343750
199 291 0 0 0 0.000000 3.000000
200 199 0 0 0 0.000000 3.000000
200 239 0 0 0 0.000000 3.000000
200 254 4 2000 0 3.000000 5.000000
200 291 0 0 0 0.000000 3.000000
201 191 0 0 0 0.000000 3.000000
201 202 0 0 0 0.000000 3.000000
201 242 0 0 0 0.000000 3.000000
201 294 0 0 0 0.000000 3.000000
202 191 0 0 0 0.000000 3.000000
202 201 0 0 0 0.000000 3.000000
202 242 0 0 0 0.000000 3.000000
202 294 0 0 0 0.000000 3.000000
203 208 2 2000 0 3.000000 3.625000
204 153 0 0 0 0.000000 3.000000
204 206 2 2000 0 3.000000 3.625000
204 209 2 2500 0 3.000000 3.625000
205 256 0 0 0 0.000000 3.000000
205 259 3 2000 0 3.000000 4.200000
205 308 0 0 0 0.000000 3.000000
206 155 0 0 0 0.000000 3.000000
206 208 2 1000 0 3.000000 3.625000
206 210 2 2000 0 3.000000 3.625000
207 258 0 0 0 0.000000 3.000000
207 263 3 2000 0 3.000000 4.200000
207 310 0 0 0 0.000000 3.000000
208 213 2 1500 0 3.000000 3.625000
209 160 0 0 0 0.000000 3.000000
209 210 2 1500 0 3.000000 3.625000
209 216 2 1500 0 3.000000 3.625000
210 159 0 0 0 0.000000 3.000000
210 213 2 1000 0 3.000000 3.625000
210 217 2 2500 0 3.000000 3.625000
211 262 0 0 0 0.000000 3.000000
211 314 0 0 0 0.000000 3.000000
212 261 0 0 0 0.000000 3.000000
212 267 1 1500 0 3.000000 4.343750
212 313 0 0 0 0.000000 3.000000
213 217 2 3000 0 3.000000 3.625000
213 221 0 0 0 0.000000 3.000000
214 166 0 0 0 0.000000 3.000000
214 216 2 1000 0 3.000000 3.625000
215 219 0 0 0 0.000000 3.000000
215 268 0 0 0 0.000000 3.000000
215 272 1 2000 0 3.000000 4.343750
215 320 0 0 0 0.000000 3.000000
216 163 0 0 0 0.000000 3.000000
216 167 0 0 0 0.000000 3.000000
216 217 2 2000 0 3.000000 3.625000
218 266 0 0 0 0.000000 3.000000
218 271 3 1000 0 3.000000 4.200000
218 318 0 0 0 0.000000 3.000000
219 215 0 0 0 0.000000 3.000000
219 268 0 0 0 0.000000 3.000000
219 320 0 0 0 0.000000 3.000000
221 213 0 0 0 0.000000 3.000000
221 220 1 3000 0 3.000000 4.343750
221 265 0 0 0 0.000000 3.000000
222 223 2 3000 0 3.000000 3.625000
222 226 2 2000 0 3.000000 3.625000
223 227 2 2500 0 3.000000 3.625000
224 225 1 2000 0 3.000000 4.343750
225 278 0 0 0 0.000000 3.000000
225 281 0 0 0 0.000000 3.000000
225 330 0 0 0 0.000000 3.000000
226 173 0 0 0 0.000000 3.000000
226 228 2 2000 0 3.000000 3.625000
226 229 0 0 0 0.000000 3.000000
226 236 2 2000 0 3.000000 3.625000
227 182 0 0 0 0.000000 3.000000
227 183 0 0 0 0.000000 3.000000
227 240 2 1000 0 3.000000 3.625000
228 178 0 0 0 0.000000 3.000000
228 231 2 1000 0 3.000000 3.625000
228 237 2 3000 0 3.000000 3.625000
229 173 0 0 0 0.000000 3.000000
229 226 0 0 0 0.000000 3.000000
229 230 3 2000 0 3.000000 4.200000
229 278 0 0 0 0.000000 3.000000
230 280 0 0 0 0.000000 3.000000
230 284 3 1000 0 3.000000 4.200000
230 332 0 0 0 0.000000 3.000000
231 180 0 0 0 0.000000 3.000000
231 227 2 2000 0 3.000000 3.625000
231 233 0 0 0 0.000000 3.000000
231 238 2 2500 0 3.000000 3.625000
232 283 0 0 0 0.000000 3.000000
232 285 0 0 0 0.000000 3.000000
232 287 3 2000 0 3.000000 4.200000
232 335 0 0 0 0.000000 3.000000
233 180 0 0 0 0.000000 3.000000
233 231 0 0 0 0.000000 3.000000
233 234 1 2000 0 3.000000 4.343750
233 283 0 0 0 0.000000 3.000000
234 235 0 0 0 0.000000 3.000000
234 279 0 0 0 0.000000 3.000000
234 331 0 0 0 0.000000 3.000000
235 234 0 0 0 0.000000 3.000000
235 279 0 0 0 0.000000 3.000000
235 293 3 1000 0 3.000000 4.200000
235 331 0 0 0 0.000000 3.000000
236 237 2 3000 0 3.000000 3.625000
236 246 0 0 0 0.000000 3.000000
236 248 0 0 0 0.000000 3.000000
236 255 2 1500 0 3.000000 3.625000
237 195 0 0 0 0.000000 3.000000
237 197 0 0 0 0.000000 3.000000
237 239 2 2500 0 3.000000 3.625000
237 250 0 0 0 0.000000 3.000000
237 256 2 2000 0 3.000000 3.625000
238 239 2 1500 0 3.000000 3.625000
238 240 2 5000 0 3.000000 3.625000
239 199 0 0 0 0.000000 3.000000
239 200 0 0 0 0.000000 3.000000
239 242 2 2000 0 3.000000 3.625000
239 261 2 3000 0 3.000000 3.625000
239 266 2 4000 0 3.000000 3.625000
240 189 0 0 0 0.000000 3.000000
240 242 2 2500 0 3.000000 3.625000
240 244 2 1500 0 3.000000 3.625000
241 292 0 0 0 0.000000 3.000000
241 295 3 2500 0 3.000000 4.200000
241 344 0 0 0 0.000000 3.000000
242 191 0 0 0 0.000000 3.000000
242 201 0 0 0 0.000000 3.000000
242 202 0 0 0 0.000000 3.000000
242 245 2 1500 0 3.000000 3.625000
242 266 2 1000 0 3.000000 3.625000
243 253 0 0 0 0.000000 3.000000
243 254 0 0 0 0.000000 3.000000
243 294 0 0 0 0.000000 3.000000
243 322 3 1000 0 3.000000 4.200000
243 346 0 0 0 0.000000 3.000000
244 245 2 1000 0 3.000000 3.625000
245 269 2 2000 0 3.000000 3.625000
246 236 0 0 0 0.000000 3.000000
246 247 3 3000 0 3.000000 4.200000
246 248 0 0 0 0.000000 3.000000
246 288 0 0 0 0.000000 3.000000
247 249 0 0 0 0.000000 3.000000
247 289 0 0 0 0.000000 3.000000
247 302 0 0 0 0.000000 3.000000
247 309 3 2000 0 3.000000 4.200000
247 341 0 0 0 0.000000 3.000000
248 236 0 0 0 0.000000 3.000000
248 246 0 0 0 0.000000 3.000000
248 249 4 3000 0 3.000000 5.000000
248 288 0 0 0 0.000000 3.000000
249 247 0 0 0 0.000000 3.000000
249 289 0 0 0 0.000000 3.000000
249 302 0 0 0 0.000000 3.000000
249 304 4 2500 0 3.000000 5.000000
249 341 0 0 0 0.000000 3.000000
250 195 0 0 0 0.000000 3.000000
250 197 0 0 0 0.000000 3.000000
250 237 0 0 0 0.000000 3.000000
250 251 1 2500 0 3.000000 4.343750
250 289 0 0 0 0.000000 3.000000
251 252 0 0 0 0.000000 3.000000
251 291 0 0 0 0.000000 3.000000
251 305 1 2000 0 3.000000 4.343750
251 316 1 3000 0 3.000000 4.343750
251 343 0 0 0 0.000000 3.000000
252 251 0 0 0 0.000000 3.000000
252 291 0 0 0 0.000000 3.000000
252 306 4 2000 0 3.000000 5.000000
252 343 0 0 0 0.000000 3.000000
253 243 0 0 0 0.000000 3.000000
253 254 0 0 0 0.000000 3.000000
253 294 0 0 0 0.000000 3.000000
253 346 0 0 0 0.000000 3.000000
254 243 0 0 0 0.000000 3.000000
254 253 0 0 0 0.000000 3.000000
254 294 0 0 0 0.000000 3.000000
254 346 0 0 0 0.000000 3.000000
255 260 2 2000 0 3.000000 3.625000
256 205 0 0 0 0.000000 3.000000
256 258 2 2000 0 3.000000 3.625000
256 261 2 2500 0 3.000000 3.625000
257 308 0 0 0 0.000000 3.000000
257 311 3 2000 0 3.000000 4.200000
257 360 0 0 0 0.000000 3.000000
258 207 0 0 0 0.000000 3.000000
258 260 2 1000 0 3.000000 3.625000
258 262 2 2000 0 3.000000 3.625000
259 310 0 0 0 0.000000 3.000000
259 315 3 2000 0 3.000000 4.200000
259 362 0 0 0 0.000000 3.000000
260 265 2 1500 0 3.000000 3.625000
261 212 0 0 0 0.000000 3.000000
261 262 2 1500 0 3.000000 3.625000
261 268 2 1500 0 3.000000 3.625000
262 211 0 0 0 0.000000 3.000000
262 265 2 1000 0 3.000000 3.625000
262 269 2 2500 0 3.000000 3.625000
263 314 0 0 0 0.000000 3.000000
263 366 0 0 0 0.000000 3.000000
264 313 0 0 0 0.000000 3.000000
264 319 1 1500 0 3.000000 4.343750
264 365 0 0 0 0.000000 3.000000
265 269 2 3000 0 3.000000 3.625000
265 273 0 0 0 0.000000 3.000000
266 218 0 0 0 0.000000 3.000000
266 268 2 1000 0 3.000000 3.625000
267 271 0 0 0 0.000000 3.000000
267 320 0 0 0 0.000000 3.000000
267 324 1 2000 0 3.000000 4.343750
267 372 0 0 0 0.000000 3.000000
268 215 0 0 0 0.000000 3.000000
268 219 0 0 0 0.000000 3.000000
268 269 2 2000 0 3.000000 3.625000
270 318 0 0 0 0.000000 3.000000
270 323 3 1000 0 3.000000 4.200000
270 370 0 0 0 0.000000 3.000000
271 267 0 0 0 0.000000 3.000000
271 320 0 0 0 0.000000 3.000000
271 372 0 0 0 0.000000 3.000000
273 265 0 0 0 0.000000 3.000000
273 272 1 3000 0 3.000000 4.343750
273 317 0 0 0 0.000000 3.000000
274 275 2 3000 0 3.000000 3.625000
274 278 2 2000 0 3.000000 3.625000
275 279 2 2500 0 3.000000 3.625000
276 277 1 2000 0 3.000000 4.343750
277 330 0 0 0 0.000000 3.000000
277 333 0 0 0 0.000000 3.000000
277 382 0 0 0 0.000000 3.000000
278 225 0 0 0 0.000000 3.000000
278 280 2 2000 0 3.000000 3.625000
278 281 0 0 0 0.000000 3.000000
278 288 2 2000 0 3.000000 3.625000
279 234 0 0 0 0.000000 3.000000
279 235 0 0 0 0.000000 3.000000
279 292 2 1000 0 3.000000 3.625000
280 230 0 0 0 0.000000 3.000000
280 283 2 1000 0 3.000000 3.625000
280 289 2 3000 0 3.000000 3.625000
281 225 0 0 0 0.000000 3.000000
281 278 0 0 0 0.000000 3.000000
281 282 3 2000 0 3.000000 4.200000
281 330 0 0 0 0.000000 3.000000
282 332 0 0 0 0.000000 3.000000
282 336 3 1000 0 3.000000 4.200000
282 384 0 0 0 0.000000 3.000000
283 232 0 0 0 0.000000 3.000000
283 279 2 2000 0 3.000000 3.625000
283 285 0 0 0 0.000000 3.000000
283 290 2 2500 0 3.000000 3.625000
284 335 0 0 0 0.000000 3.000000
284 337 0 0 0 0.000000 3.000000
284 339 3 2000 0 3.000000 4.200000
284 387 0 0 0 0.000000 3.000000
285 232 0 0 0 0.000000 3.000000
285 283 0 0 0 0.000000 3.000000
285 286 1 2000 0 3.000000 4.343750
285 335 0 0 0 0.000000 3.000000
286 287 0 0 0 0.000000 3.000000
286 331 0 0 0 0.000000 3.000000
286 383 0 0 0 0.000000 3.000000
287 286 0 0 0 0.000000 3.000000
287 331 0 0 0 0.000000 3.000000
287 345 3 1000 0 3.000000 4.200000
287 383 0 0 0 0.000000 3.000000
288 289 2 3000 0 3.000000 3.625000
288 298 0 0 0 0.000000 3.000000
288 300 0 0 0 0.000000 3.000000
288 307 2 1500 0 3.000000 3.625000
289 247 0 0 0 0.000000 3.000000
289 249 0 0 0 0.000000 3.000000
289 291 2 2500 0 3.000000 3.625000
289 302 0 0 0 0.000000 3.000000
289 308 2 2000 0 3.000000 3.625000
290 291 2 1500 0 3.000000 3.625000
290 292 2 5000 0 3.000000 3.625000
291 251 0 0 0 0.000000 3.000000
291 252 0 0 0 0.000000 3.000000
291 294 2 2000 0 3.000000 3.625000
291 313 2 3000 0 3.000000 3.625000
291 318 2 4000 0 3.000000 3.625000
292 241 0 0 0 0.000000 3.000000
292 294 2 2500 0 3.000000 3.625000
292 296 2 1500 0 3.000000 3.625000
293 344 0 0 0 0.000000 3.000000
293 347 3 2500 0 3.000000 4.200000
293 396 0 0 0 0.000000 3.000000
294 243 0 0 0 0.000000 3.000000
294 253 0 0 0 0.000000 3.000000
294 254 0 0 0 0.000000 3.000000
294 297 2 1500 0 3.000000 3.625000
294 318 2 1000 0 3.000000 3.625000
295 305 0 0 0 0.000000 3.000000
295 306 0 0 0 0.000000 3.000000
295 346 0 0 0 0.000000 3.000000
295 374 3 1000 0 3.000000 4.200000
295 398 0 0 0 0.000000 3.000000
296 297 2 1000 0 3.000000 3.625000
297 321 2 2000 0 3.000000 3.625000
298 288 0 0 0 0.000000 3.000000
298 299 3 3000 0 3.000000 4.200000
298 300 0 0 0 0.000000 3.000000
298 340 0 0 0 0.000000 3.000000
299 301 0 0 0 0.000000 3.000000
299 341 0 0 0 0.000000 3.000000
299 354 0 0 0 0.000000 3.000000
299 361 3 2000 0 3.000000 4.200000
299 393 0 0 0 0.000000 3.000000
300 288 0 0 0 0.000000 3.000000
300 298 0 0 0 0.000000 3.000000
300 301 4 3000 0 3.000000 5.000000
300 340 0 0 0 0.000000 3.000000
301 299 0 0 0 0.000000 3.000000
301 341 0 0 0 0.000000 3.000000
301 354 0 0 0 0.000000 3.000000
301 356 4 2500 0 3.000000 5.000000
301 393 0 0 0 0.000000 3.000000
302 247 0 0 0 0.000000 3.000000
302 249 0 0 0 0.000000 3.000000
302 289 0 0 0 0.000000 3.000000
302 303 1 2500 0 3.000000 4.343750
302 341 0 0 0 0.000000 3.000000
303 304 0 0 0 0.000000 3.000000
303 343 0 0 0 0.000000 3.000000
303 357 1 2000 0 3.000000 4.343750
303 368 1 3000 0 3.000000 4.343750
303 395 0 0 0 0.000000 3.000000
304 303 0 0 0 0.000000 3.000000
304 343 0 0 0 0.000000 3.000000
304 358 4 2000 0 3.000000 5.000000
304 395 0 0 0 0.000000 3.000000
305 295 0 0 0 0.000000 3.000000
305 306 0 0 0 0.000000 3.000000
305 346 0 0 0 0.000000 3.000000
305 398 0 0 0 0.000000 3.000000
306 295 0 0 0 0.000000 3.000000
306 305 0 0 0 0.000000 3.000000
306 346 0 0 0 0.000000 3.000000
306 398 0 0 0 0.000000 3.000000
307 312 2 2000 0 3.000000 3.625000
308 257 0 0 0 0.000000 3.000000
308 310 2 2000 0 3.000000 3.625000
308 313 2 2500 0 3.000000 3.625000
309 360 0 0 0 0.000000 3.000000
309 363 3 2000 0 3.000000 4.200000
309 412 0 0 0 0.000000 3.000000
310 259 0 0 0 0.000000 3.000000
310 312 2 1000 0 3.000000 3.625000
310 314 2 2000 0 3.000000 3.625000
311 362 0 0 0 0.000000 3.000000
311 367 3 2000 0 3.000000 4.200000
311 414 0 0 0 0.000000 3.000000
312 317 2 1500 0 3.000000 3.625000
313 264 0 0 0 0.000000 3.000000
313 314 2 1500 0 3.000000 3.625000
313 320 2 1500 0 3.000000 3.625000
314 263 0 0 0 0.000000 3.000000
314 317 2 1000 0 3.000000 3.625000
314 321 2 2500 0 3.000000 3.625000
315 366 0 0 0 0.000000 3.000000
315 418 0 0 0 0.000000 3.000000
316 365 0 0 0 0.000000 3.000000
316 371 1 1500 0 3.000000 4.343750
316 417 0 0 0 0.000000 3.000000
317 321 2 3000 0 3.000000 3.625000
317 325 0 0 0 0.000000 3.000000
318 270 0 0 0 0.000000 3.000000
318 320 2 1000 0 3.000000 3.625000
319 323 0 0 0 0.000000 3.000000
319 372 0 0 0 0.000000 3.000000
319 376 1 2000 0 3.000000 4.343750
319 424 0 0 0 0.000000 3.000000
320 267 0 0 0 0.000000 3.000000
320 271 0 0 0 0.000000 3.000000
320 321 2 2000 0 3.000000 3.625000
322 370 0 0 0 0.000000 3.000000
322 375 3 1000 0 3.000000 4.200000
322 422 0 0 0 0.000000 3.000000
323 319 0 0 0 0.000000 3.000000
323 372 0 0 0 0.000000 3.000000
323 424 0 0 0 0.000000 3.000000
325 317 0 0 0 0.000000 3.000000
325 324 1 3000 0 3.000000 4.343750
325 369 0 0 0 0.000000 3.000000
326 327 2 3000 0 3.000000 3.625000
326 330 2 2000 0 3.000000 3.625000
327 331 2 2500 0 3.000000 3.625000
328 329 1 2000 0 3.000000 4.343750
329 382 0 0 0 0.000000 3.000000
329 385 0 0 0 0.000000 3.000000
329 434 0 0 0 0.000000 3.000000
330 277 0 0 0 0.000000 3.000000
330 332 2 2000 0 3.000000 3.625000
330 333 0 0 0 0.000000 3.000000
330 340 2 2000 0 3.000000 3.625000
331 286 0 0 0 0.000000 3.000000
331 287 0 0 0 0.000000 3.000000
331 344 2 1000 0 3.000000 3.625000
332 282 0 0 0 0.000000 3.000000
332 335 2 1000 0 3.000000 3.625000
332 341 2 3000 0 3.000000 3.625000
333 277 0 0 0 0.000000 3.000000
333 330 0 0 0 0.000000 3.000000
333 334 3 2000 0 3.000000 4.200000
333 382 0 0 0 0.000000 3.000000
334 384 0 0 0 0.000000 3.000000
334 388 3 1000 0 3.000000 4.200000
334 436 0 0 0 0.000000 3.000000
335 284 0 0 0 0.000000 3.000000
335 331 2 2000 0 3.000000 3.625000
335 337 0 0 0 0.000000 3.000000
335 342 2 2500 0 3.000000 3.625000
336 387 0 0 0 0.000000 3.000000
336 389 0 0 0 0.000000 3.000000
336 391 3 2000 0 3.000000 4.200000
336 439 0 0 0 0.000000 3.000000
337 284 0 0 0 0.000000 3.000000
337 335 0 0 0 0.000000 3.000000
337 338 1 2000 0 3.000000 4.343750
337 387 0 0 0 0.000000 3.000000
338 339 0 0 0 0.000000 3.000000
338 383 0 0 0 0.000000 3.000000
338 435 0 0 0 0.000000 3.000000
339 338 0 0 0 0.000000 3.000000
339 383 0 0 0 0.000000 3.000000
339 397 3 1000 0 3.000000 4.200000
339 435 0 0 0 0.000000 3.000000
340 341 2 3000 0 3.000000 3.625000
340 350 0 0 0 0.000000 3.000000
340 352 0 0 0 0.000000 3.000000
340 359 2 1500 0 3.000000 3.625000
341 299 0 0 0 0.000000 3.000000
341 301 0 0 0 0.000000 3.000000
341 343 2 2500 0 3.000000 3.625000
341 354 0 0 0 0.000000 3.000000
341 360 2 2000 0 3.000000 3.625000
342 343 2 1500 0 3.000000 3.625000
342 344 2 5000 0 3.000000 3.625000
343 303 0 0 0 0.000000 3.000000
343 304 0 0 0 0.000000 3.000000
343 346 2 2000 0 3.000000 3.625000
343 365 2 3000 0 3.000000 3.625000
343 370 2 4000 0 3.000000 3.625000
344 293 0 0 0 0.000000 3.000000
344 346 2 2500 0 3.000000 3.625000
344 348 2 1500 0 3.000000 3.625000
345 396 0 0 0 0.000000 3.000000
345 399 3 2500 0 3.000000 4.200000
345 448 0 0 0 0.000000 3.000000
346 295 0 0 0 0.000000 3.000000
346 305 0 0 0 0.000000 3.000000
346 306 0 0 0 0.000000 3.000000
346 349 2 1500 0 3.000000 3.625000
346 370 2 1000 0 3.000000 3.625000
347 357 0 0 0 0.000000 3.000000
347 358 0 0 0 0.000000 3.000000
347 398 0 0 0 0.000000 3.000000
347 426 3 1000 0 3.000000 4.200000
347 450 0 0 0 0.000000 3.000000
348 349 2 1000 0 3.000000 3.625000
349 373 2 2000 0 3.000000 3.625000
350 340 0 0 0 0.000000 3.000000
350 351 3 3000 0 3.000000 4.200000
350 352 0 0 0 0.000000 3.000000
350 392 0 0 0 0.000000 3.000000
351 353 0 0 0 0.000000 3.000000
351 393 0 0 0 0.000000 3.000000
351 406 0 0 0 0.000000 3.000000
351 413 3 2000 0 3.000000 4.200000
351 445 0 0 0 0.000000 3.000000
352 340 0 0 0 0.000000 3.000000
352 350 0 0 0 0.000000 3.000000
352 353 4 3000 0 3.000000 5.000000
352 392 0 0 0 0.000000 3.000000
353 351 0 0 0 0.000000 3.000000
353 393 0 0 0 0.000000 3.000000
353 406 0 0 0 0.000000 3.000000
353 408 4 2500 0 3.000000 5.000000
353 445 0 0 0 0.000000 3.000000
354 299 0 0 0 0.000000 3.000000
354 301 0 0 0 0.000000 3.000000
354 341 0 0 0 0.000000 3.000000
354 355 1 2500 0 3.000000 4.343750
354 393 0 0 0 0.000000 3.000000
355 356 0 0 0 0.000000 3.000000
355 395 0 0 0 0.000000 3.000000
355 409 1 2000 0 3.000000 4.343750
355 420 1 3000 0 3.000000 4.343750
355 447 0 0 0 0.000000 3.000000
356 355 0 0 0 0.000000 3.000000
356 395 0 0 0 0.000000 3.000000
356 410 4 2000 0 3.000000 5.000000
356 447 0 0 0 0.000000 3.000000
357 347 0 0 0 0.000000 3.000000
357 358 0 0 0 0.000000 3.000000
357 398 0 0 0 0.000000 3.000000
357 450 0 0 0 0.000000 3.000000
358 347 0 0 0 0.000000 3.000000
358 357 0 0 0 0.000000 3.000000
358 398 0 0 0 0.000000 3.000000
358 450 0 0 0 0.000000 3.000000
359 364 2 2000 0 3.000000 3.625000
360 309 0 0 0 0.000000 3.000000
360 362 2 2000 0 3.000000 3.625000
360 365 2 2500 0 3.000000 3.625000
361 412 0 0 0 0.000000 3.000000
361 415 3 2000 0 3.000000 4.200000
361 464 0 0 0 0.000000 3.000000
362 311 0 0 0 0.000000 3.000000
362 364 2 1000 0 3.000000 3.625000
362 366 2 2000 0 3.000000 3.625000
363 414 0 0 0 0.000000 3.000000
363 419 3 2000 0 3.000000 4.200000
363 466 0 0 0 0.000000 3.000000
364 369 2 1500 0 3.000000 3.625000
365 316 0 0 0 0.000000 3.000000
365 366 2 1500 0 3.000000 3.625000
365 372 2 1500 0 3.000000 3.625000
366 315 0 0 0 0.000000 3.000000
366 369 2 1000 0 3.000000 3.625000
366 373 2 2500 0 3.000000 3.625000
367 418 0 0 0 0.000000 3.000000
367 470 0 0 0 0.000000 3.000000
368 417 0 0 0 0.000000 3.000000
368 423 1 1500 0 3.000000 4.343750
368 469 0 0 0 0.000000 3.000000
369 373 2 3000 0 3.000000 3.625000
369 377 0 0 0 0.000000 3.000000
370 322 0 0 0 0.000000 3.000000
370 372 2 1000 0 3.000000 3.625000
371 375 0 0 0 0.000000 3.000000
371 424 0 0 0 0.000000 3.000000
371 428 1 2000 0 3.000000 4.343750
371 476 0 0 0 0.000000 3.000000
372 319 0 0 0 0.000000 3.000000
372 323 0 0 0 0.000000 3.000000
372 373 2 2000 0 3.000000 3.625000
374 422 0 0 0 0.000000 3.000000
374 427 3 1000 0 3.000000 4.200000
374 474 0 0 0 0.000000 3.000000
375 371 0 0 0 0.000000 3.000000
375 424 0 0 0 0.000000 3.000000
375 476 0 0 0 0.000000 3.000000
377 369 0 0 0 0.000000 3.000000
377 376 1 3000 0 3.000000 4.343750
377 421 0 0 0 0.000000 3.000000
378 379 2 3000 0 3.000000 3.625000
378 382 2 2000 0 3.000000 3.625000
379 383 2 2500 0 3.000000 3.625000
380 381 1 2000 0 3.000000 4.343750
381 434 0 0 0 0.000000 3.000000
381 437 0 0 0 0.000000 3.000000
381 484 0 0 0 0.000000 3.000000
382 329 0 0 0 0.000000 3.000000
382 384 2 2000 0 3.000000 3.625000
382 385 0 0 0 0.000000 3.000000
382 392 2 2000 0 3.000000 3.625000
383 338 0 0 0 0.000000 3.000000
383 339 0 0 0 0.000000 3.000000
383 396 2 1000 0 3.000000 3.625000
384 334 0 0 0 0.000000 3.000000
384 387 2 1000 0 3.000000 3.625000
384 393 2 3000 0 3.000000 3.625000
385 329 0 0 0 0.000000 3.000000
385 382 0 0 0 0.000000 3.000000
385 386 3 2000 0 3.000000 4.200000
385 434 0 0 0 0.000000 3.000000
386 436 0 0 0 0.000000 3.000000
386 440 3 1000 0 3.000000 4.200000
386 486 0 0 0 0.000000 3.000000
387 336 0 0 0 0.000000 3.000000
387 383 2 2000 0 3.000000 3.625000
387 389 0 0 0 0.000000 3.000000
387 394 2 2500 0 3.000000 3.625000
388 439 0 0 0 0.000000 3.000000
388 441 0 0 0 0.000000 3.000000
388 443 3 2000 0 3.000000 4.200000
388 487 0 0 0 0.000000 3.000000
389 336 0 0 0 0.000000 3.000000
389 387 0 0 0 0.000000 3.000000
389 390 1 2000 0 3.000000 4.343750
389 439 0 0 0 0.000000 3.000000
390 391 0 0 0 0.000000 3.000000
390 435 0 0 0 0.000000 3.000000
390 485 0 0 0 0.000000 3.000000
391 390 0 0 0 0.000000 3.000000
391 435 0 0 0 0.000000 3.000000
391 449 3 1000 0 3.000000 4.200000
391 485 0 0 0 0.000000 3.000000
392 393 2 3000 0 3.000000 3.625000
392 402 0 0 0 0.000000 3.000000
392 404 0 0 0 0.000000 3.000000
392 411 2 1500 0 3.000000 3.625000
393 351 0 0 0 0.000000 3.000000
393 353 0 0 0 0.000000 3.000000
393 395 2 2500 0 3.000000 3.625000
393 406 0 0 0 0.000000 3.000000
393 412 2 2000 0 3.000000 3.625000
394 395 2 1500 0 3.000000 3.625000
394 396 2 5000 0 3.000000 3.625000
395 355 0 0 0 0.000000 3.000000
395 356 0 0 0 0.000000 3.000000
395 398 2 2000 0 3.000000 3.625000
395 417 2 3000 0 3.000000 3.625000
395 422 2 4000 0 3.000000 3.625000
396 345 0 0 0 0.000000 3.000000
396 398 2 2500 0 3.000000 3.625000
396 400 2 1500 0 3.000000 3.625000
397 448 0 0 0 0.000000 3.000000
397 451 3 2500 0 3.000000 4.200000
397 492 0 0 0 0.000000 3.000000
398 347 0 0 0 0.000000 3.000000
398 357 0 0 0 0.000000 3.000000
398 358 0 0 0 0.000000 3.000000
398 401 2 1500 0 3.000000 3.625000
398 422 2 1000 0 3.000000 3.625000
399 409 0 0 0 0.000000 3.000000
399 410 0 0 0 0.000000 3.000000
399 450 0 0 0 0.000000 3.000000
399 478 3 1000 0 3.000000 4.200000
399 493 0 0 0 0.000000 3.000000
400 401 2 1000 0 3.000000 3.625000
401 425 2 2000 0 3.000000 3.625000
402 392 0 0 0 0.000000 3.000000
402 403 3 3000 0 3.000000 4.200000
402 404 0 0 0 0.000000 3.000000
402 444 0 0 0 0.000000 3.000000
403 405 0 0 0 0.000000 3.000000
403 445 0 0 0 0.000000 3.000000
403 458 0 0 0 0.000000 3.000000
403 465 3 2000 0 3.000000 4.200000
403 489 0 0 0 0.000000 3.000000
404 392 0 0 0 0.000000 3.000000
404 402 0 0 0 0.000000 3.000000
404 405 4 3000 0 3.000000 5.000000
404 444 0 0 0 0.000000 3.000000
405 403 0 0 0 0.000000 3.000000
405 445 0 0 0 0.000000 3.000000
405 458 0 0 0 0.000000 3.000000
405 460 4 2500 0 3.000000 5.000000
405 489 0 0 0 0.000000 3.000000
406 351 0 0 0 0.000000 3.000000
406 353 0 0 0 0.000000 3.000000
406 393 0 0 0 0.000000 3.000000
406 407 1 2500 0 3.000000 4.343750
406 445 0 0 0 0.000000 3.000000
407 408 0 0 0 0.000000 3.000000
407 447 0 0 0 0.000000 3.000000
407 461 1 2000 0 3.000000 4.343750
407 472 1 3000 0 3.000000 4.343750
407 491 0 0 0 0.000000 3.000000
408 407 0 0 0 0.000000 3.000000
408 447 0 0 0 0.000000 3.000000
408 462 4 2000 0 3.000000 5.000000
408 491 0 0 0 0.000000 3.000000
409 399 0 0 0 0.000000 3.000000
409 410 0 0 0 0.000000 3.000000
409 450 0 0 0 0.000000 3.000000
409 493 0 0 0 0.000000 3.000000
410 399 0 0 0 0.000000 3.000000
410 409 0 0 0 0.000000 3.000000
410 450 0 0 0 0.000000 3.000000
410 493 0 0 0 0.000000 3.000000
411 416 2 2000 0 3.000000 3.625000
412 361 0 0 0 0.000000 3.000000
412 414 2 2000 0 3.000000 3.625000
412 417 2 2500 0 3.000000 3.625000
413 464 0 0 0 0.000000 3.000000
413 467 3 2000 0 3.000000 4.200000
413 497 0 0 0 0.000000 3.000000
414 363 0 0 0 0.000000 3.000000
414 416 2 1000 0 3.000000 3.625000
414 418 2 2000 0 3.000000 3.625000
415 466 0 0 0 0.000000 3.000000
415 471 3 2000 0 3.000000 4.200000
415 498 0 0 0 0.000000 3.000000
416 421 2 1500 0 3.000000 3.625000
417 368 0 0 0 0.000000 3.000000
417 418 2 1500 0 3.000000 3.625000
417 424 2 1500 0 3.000000 3.625000
418 367 0 0 0 0.000000 3.000000
418 421 2 1000 0 3.000000 3.625000
418 425 2 2500 0 3.000000 3.625000
419 470 0 0 0 0.000000 3.000000
419 501 0 0 0 0.000000 3.000000
420 469 0 0 0 0.000000 3.000000
420 475 1 1500 0 3.000000 4.343750
420 500 0 0 0 0.000000 3.000000
421 425 2 3000 0 3.000000 3.625000
421 429 0 0 0 0.000000 3.000000
422 374 0 0 0 0.000000 3.000000
422 424 2 1000 0 3.000000 3.625000
423 427 0 0 0 0.000000 3.000000
423 476 0 0 0 0.000000 3.000000
423 480 1 2000 0 3.000000 4.343750
423 504 0 0 0 0.000000 3.000000
424 371 0 0 0 0.000000 3.000000
424 375 0 0 0 0.000000 3.000000
424 425 2 2000 0 3.000000 3.625000
426 474 0 0 0 0.000000 3.000000
426 479 3 1000 0 3.000000 4.200000
426 503 0 0 0 0.000000 3.000000
427 423 0 0 0 0.000000 3.000000
427 476 0 0 0 0.000000 3.000000
427 504 0 0 0 0.000000 3.000000
429 421 0 0 0 0.000000 3.000000
429 428 1 3000 0 3.000000 4.343750
429 473 0 0 0 0.000000 3.000000
430 431 2 3000 0 3.000000 3.625000
430 434 2 2000 0 3.000000 3.625000
431 435 2 2500 0 3.000000 3.625000
432 433 1 2000 0 3.000000 4.343750
433 484 0 0 0 0.000000 3.000000
434 381 0 0 0 0.000000 3.000000
434 436 2 2000 0 3.000000 3.625000
434 437 0 0 0 0.000000 3.000000
434 444 2 2000 0 3.000000 3.625000
435 390 0 0 0 0.000000 3.000000
435 391 0 0 0 0.000000 3.000000
435 448 2 1000 0 3.000000 3.625000
436 386 0 0 0 0.000000 3.000000
436 439 2 1000 0 3.000000 3.625000
436 445 2 3000 0 3.000000 3.625000
437 381 0 0 0 0.000000 3.000000
437 434 0 0 0 0.000000 3.000000
437 438 3 2000 0 3.000000 4.200000
437 484 0 0 0 0.000000 3.000000
438 486 0 0 0 0.000000 3.000000
439 388 0 0 0 0.000000 3.000000
439 435 2 2000 0 3.000000 3.625000
439 441 0 0 0 0.000000 3.000000
439 446 2 2500 0 3.000000 3.625000
440 487 0 0 0 0.000000 3.000000
441 388 0 0 0 0.000000 3.000000
441 439 0 0 0 0.000000 3.000000
441 442 1 2000 0 3.000000 4.343750
441 487 0 0 0 0.000000 3.000000
442 443 0 0 0 0.000000 3.000000
442 485 0 0 0 0.000000 3.000000
443 442 0 0 0 0.000000 3.000000
443 485 0 0 0 0.000000 3.000000
444 445 2 3000 0 3.000000 3.625000
444 454 0 0 0 0.000000 3.000000
444 456 0 0 0 0.000000 3.000000
444 463 2 1500 0 3.000000 3.625000
445 403 0 0 0 0.000000 3.000000
445 405 0 0 0 0.000000 3.000000
445 447 2 2500 0 3.000000 3.625000
445 458 0 0 0 0.000000 3.000000
445 464 2 2000 0 3.000000 3.625000
446 447 2 1500 0 3.000000 3.625000
446 448 2 5000 0 3.000000 3.625000
447 407 0 0 0 0.000000 3.000000
447 408 0 0 0 0.000000 3.000000
447 450 2 2000 0 3.000000 3.625000
447 469 2 3000 0 3.000000 3.625000
447 474 2 4000 0 3.000000 3.625000
448 397 0 0 0 0.000000 3.000000
448 450 2 2500 0 3.000000 3.625000
448 452 2 1500 0 3.000000 3.625000
449 492 0 0 0 0.000000 3.000000
450 399 0 0 0 0.000000 3.000000
450 409 0 0 0 0.000000 3.000000
450 410 0 0 0 0.000000 3.000000
450 453 2 1500 0 3.000000 3.625000
450 474 2 1000 0 3.000000 3.625000
451 461 0 0 0 0.000000 3.000000
451 462 0 0 0 0.000000 3.000000
451 493 0 0 0 0.000000 3.000000
452 453 2 1000 0 3.000000 3.625000
453 477 2 2000 0 3.000000 3.625000
454 444 0 0 0 0.000000 3.000000
454 455 3 3000 0 3.000000 4.200000
454 456 0 0 0 0.000000 3.000000
454 488 0 0 0 0.000000 3.000000
455 457 0 0 0 0.000000 3.000000
455 489 0 0 0 0.000000 3.000000
456 444 0 0 0 0.000000 3.000000
456 454 0 0 0 0.000000 3.000000
456 457 4 3000 0 3.000000 5.000000
456 488 0 0 0 0.000000 3.000000
457 455 0 0 0 0.000000 3.000000
457 489 0 0 0 0.000000 3.000000
458 403 0 0 0 0.000000 3.000000
458 405 0 0 0 0.000000 3.000000
458 445 0 0 0 0.000000 3.000000
458 459 1 2500 0 3.000000 4.343750
458 489 0 0 0 0.000000 3.000000
459 460 0 0 0 0.000000 3.000000
459 491 0 0 0 0.000000 3.000000
460 459 0 0 0 0.000000 3.000000
460 491 0 0 0 0.000000 3.000000
461 451 0 0 0 0.000000 3.000000
461 462 0 0 0 0.000000 3.000000
461 493 0 0 0 0.000000 3.000000
462 451 0 0 0 0.000000 3.000000
462 461 0 0 0 0.000000 3.000000
462 493 0 0 0 0.000000 3.000000
463 468 2 2000 0 3.000000 3.625000
464 413 0 0 0 0.000000 3.000000
464 466 2 2000 0 3.000000 3.625000
464 469 2 2500 0 3.000000 3.625000
465 497 0 0 0 0.000000 3.000000
466 415 0 0 0 0.000000 3.000000
466 468 2 1000 0 3.000000 3.625000
466 470 2 2000 0 3.000000 3.625000
467 498 0 0 0 0.000000 3.000000
468 473 2 1500 0 3.000000 3.625000
469 420 0 0 0 0.000000 3.000000
469 470 2 1500 0 3.000000 3.625000
469 476 2 1500 0 3.000000 3.625000
470 419 0 0 0 0.000000 3.000000
470 473 2 1000 0 3.000000 3.625000
470 477 2 2500 0 3.000000 3.625000
471 501 0 0 0 0.000000 3.000000
472 500 0 0 0 0.000000 3.000000
473 477 2 3000 0 3.000000 3.625000
473 481 0 0 0 0.000000 3.000000
474 426 0 0 0 0.000000 3.000000
474 476 2 1000 0 3.000000 3.625000
475 479 0 0 0 0.000000 3.000000
475 504 0 0 0 0.000000 3.000000
476 423 0 0 0 0.000000 3.000000
476 427 0 0 0 0.000000 3.000000
476 477 2 2000 0 3.000000 3.625000
478 503 0 0 0 0.000000 3.000000
479 475 0 0 0 0.000000 3.000000
479 504 0 0 0 0.000000 3.000000
481 473 0 0 0 0.000000 3.000000
481 480 1 3000 0 3.000000 4.343750
481 502 0 0 0 0.000000 3.000000
482 483 2 3000 0 3.000000 3.625000
482 484 2 2000 0 3.000000 3.625000
483 485 2 2500 0 3.000000 3.625000
484 433 0 0 0 0.000000 3.000000
484 486 2 2000 0 3.000000 3.625000
484 488 2 2000 0 3.000000 3.625000
485 442 0 0 0 0.000000 3.000000
485 443 0 0 0 0.000000 3.000000
485 492 2 1000 0 3.000000 3.625000
486 438 0 0 0 0.000000 3.000000
486 487 2 1000 0 3.000000 3.625000
486 489 2 3000 0 3.000000 3.625000
487 440 0 0 0 0.000000 3.000000
487 485 2 2000 0 3.000000 3.625000
487 490 2 2500 0 3.000000 3.625000
488 489 2 3000 0 3.000000 3.625000
488 496 2 1500 0 3.000000 3.625000
489 455 0 0 0 0.000000 3.000000
489 457 0 0 0 0.000000 3.000000
489 491 2 2500 0 3.000000 3.625000
489 497 2 2000 0 3.000000 3.625000
490 491 2 1500 0 3.000000 3.625000
490 492 2 5000 0 3.000000 3.625000
491 459 0 0 0 0.000000 3.000000
491 460 0 0 0 0.000000 3.000000
491 493 2 2000 0 3.000000 3.625000
491 500 2 3000 0 3.000000 3.625000
491 503 2 4000 0 3.000000 3.625000
492 449 0 0 0 0.000000 3.000000
492 493 2 2500 0 3.000000 3.625000
492 494 2 1500 0 3.000000 3.625000
493 451 0 0 0 0.000000 3.000000
493 461 0 0 0 0.000000 3.000000
493 462 0 0 0 0.000000 3.000000
493 495 2 1500 0 3.000000 3.625000
493 503 2 1000 0 3.000000 3.625000
494 495 2 1000 0 3.000000 3.625000
495 505 2 2000 0 3.000000 3.625000
496 499 2 2000 0 3.000000 3.625000
497 465 0 0 0 0.000000 3.000000
497 498 2 2000 0 3.000000 3.625000
497 500 2 2500 0 3.000000 3.625000
498 467 0 0 0 0.000000 3.000000
498 499 2 1000 0 3.000000 3.625000
498 501 2 2000 0 3.000000 3.625000
499 502 2 1500 0 3.000000 3.625000
500 472 0 0 0 0.000000 3.000000
500 501 2 1500 0 3.000000 3.625000
500 504 2 1500 0 3.000000 3.625000
501 471 0 0 0 0.000000 3.000000
501 502 2 1000 0 3.000000 3.625000
501 505 2 2500 0 3.000000 3.625000
502 505 2 3000 0 3.000000 3.625000
503 478 0 0 0 0.000000 3.000000
503 504 2 1000 0 3.000000 3.625000
504 475 0 0 0 0.000000 3.000000
504 479 0 0 0 0.000000 3.000000
504 505 2 2000 0 3.000000 3.625000
